6 0.1534090909090909 0.8579545454545454 0.13103693181818182 0.8352272727272727 0.0926846590909091 0.8295454545454546 0.05752840909090909 0.8352272727272727 0.03355823863636364 0.8522727272727273 0.03835227272727273 0.9630681818181818 0.04634232954545455 0.9914772727272727 0.08948863636363637 0.9744318181818182 0.09747869318181818 0.9488636363636364 0.12784090909090912 0.9204545454545454 0.14382102272727273 0.8806818181818182
6 0.23650568181818182 0.9147727272727273 0.27006392045454547 0.9573863636363636 0.3004261363636364 0.9715909090909091 0.33398437500000006 0.9829545454545454 0.3387784090909091 0.9403409090909091 0.3387784090909091 0.8920454545454546 0.3243963068181818 0.8238636363636364 0.29403409090909094 0.7784090909090909 0.30522017045454547 0.8636363636363636 0.2716619318181818 0.9034090909090909
6 0.18377130681818182 0.7755681818181818 0.22372159090909094 0.7272727272727273 0.25248579545454547 0.7017045454545454 0.2684659090909091 0.7386363636363636 0.27965198863636365 0.7926136363636364 0.2892400568181818 0.84375 0.27325994318181823 0.875 0.23970170454545456 0.875 0.20454545454545456 0.8352272727272727
6 0.07350852272727273 0.6534090909090909 0.07670454545454546 0.5511363636363636 0.10706676136363638 0.5 0.15980113636363638 0.5284090909090909 0.18377130681818182 0.5909090909090909 0.19495738636363635 0.65625 0.19655539772727273 0.7102272727272727 0.19176136363636365 0.75 0.16938920454545456 0.7556818181818182 0.1374289772727273 0.7102272727272727 0.10387073863636365 0.6818181818181818
6 0.22372159090909094 0.39204545454545453 0.16938920454545456 0.35795454545454547 0.13103693181818182 0.30113636363636365 0.0926846590909091 0.2784090909090909 0.10706676136363638 0.18181818181818182 0.14861505681818182 0.19886363636363635 0.16459517045454547 0.10511363636363637 0.1981534090909091 0.19602272727272727 0.22691761363636365 0.3039772727272727 0.2333096590909091 0.35795454545454547
6 0.3451704545454546 0.8607954545454546 0.3771306818181819 0.8579545454545454 0.40269886363636365 0.8607954545454546 0.4314630681818182 0.9005681818181818 0.43465909090909094 0.9318181818181818 0.42027698863636365 0.9602272727272727 0.40269886363636365 0.9857954545454546 0.3531605113636364 0.9772727272727273
6 0.4122869318181819 0.8238636363636364 0.4234730113636364 0.7301136363636364 0.4122869318181819 0.6477272727272727 0.4314630681818182 0.6278409090909091 0.45703125000000006 0.6846590909090909 0.4682173295454546 0.7613636363636364 0.4714133522727273 0.8181818181818182 0.4762073863636364 0.9034090909090909 0.4602272727272727 0.9318181818181818 0.4426491477272727 0.9318181818181818 0.4298650568181819 0.8636363636363636
6 0.5145596590909092 0.9630681818181818 0.5385298295454546 0.9488636363636364 0.5561079545454546 0.9204545454545454 0.5656960227272728 0.8920454545454546 0.5752840909090909 0.8579545454545454 0.5545099431818182 0.8238636363636364 0.5225497159090909 0.8011363636363636 0.4985795454545455 0.8096590909090909 0.4794034090909091 0.8068181818181818 0.48899147727272735 0.9147727272727273
6 0.6264204545454546 0.8068181818181818 0.6264204545454546 0.7414772727272727 0.5720880681818182 0.6590909090909091 0.5337357954545455 0.5965909090909091 0.4985795454545455 0.5568181818181818 0.4714133522727273 0.5625 0.4857954545454546 0.6420454545454546 0.48899147727272735 0.7102272727272727 0.5193536931818182 0.75 0.5497159090909092 0.8011363636363636 0.5736860795454546 0.8181818181818182 0.6040482954545455 0.8352272727272727
6 0.8213778409090909 0.7556818181818182 0.7862215909090909 0.6789772727272727 0.7446732954545454 0.6704545454545454 0.6791548295454546 0.6704545454545454 0.6328125000000001 0.6505681818181818 0.5992542613636365 0.65625 0.6232244318181819 0.7045454545454546 0.6503906250000001 0.7698863636363636 0.7063210227272728 0.7755681818181818 0.7638494318181819 0.78125 0.7894176136363638 0.7727272727272727
6 0.5704900568181819 0.4147727272727273 0.5688920454545455 0.4772727272727273 0.5848721590909092 0.5710227272727273 0.6104403409090909 0.6193181818181818 0.6743607954545454 0.6505681818181818 0.7286931818181819 0.6306818181818182 0.7127130681818182 0.5625 0.6887428977272728 0.4943181818181818 0.6583806818181819 0.4602272727272727 0.6360085227272728 0.4375 0.6136363636363636 0.3977272727272727
6 0.42027698863636365 0.3778409090909091 0.4538352272727273 0.3806818181818182 0.4810014204545455 0.4034090909090909 0.5065696022727273 0.42045454545454547 0.5417258522727273 0.4460227272727273 0.5609019886363636 0.4744318181818182 0.5720880681818182 0.5539772727272727 0.5848721590909092 0.6193181818181818 0.5257457386363636 0.5568181818181818 0.4794034090909091 0.5340909090909091 0.4506392045454546 0.5454545454545454 0.42187500000000006 0.5 0.4058948863636364 0.4431818181818182
6 0.2748579545454546 0.7102272727272727 0.31161221590909094 0.7215909090909091 0.3371803977272727 0.7130681818181818 0.36434659090909094 0.7073863636363636 0.39311079545454547 0.7301136363636364 0.40429687500000006 0.7443181818181818 0.3899147727272727 0.8323863636363636 0.3531605113636364 0.8465909090909091 0.3387784090909091 0.8465909090909091 0.2956321022727273 0.7585227272727273
6 0.20134943181818182 0.6960227272727273 0.2381036931818182 0.6988636363636364 0.2540838068181818 0.6448863636363636 0.2428977272727273 0.5795454545454546 0.2205255681818182 0.4772727272727273 0.19975142045454547 0.42045454545454547 0.17897727272727273 0.40625 0.13103693181818182 0.38636363636363635 0.10387073863636365 0.4431818181818182 0.10866477272727273 0.48295454545454547 0.16139914772727273 0.5113636363636364 0.18377130681818182 0.5681818181818182 0.19335937500000003 0.6079545454545454
6 0.3259943181818182 0.4119318181818182 0.3387784090909091 0.36079545454545453 0.32919034090909094 0.3125 0.3004261363636364 0.24431818181818182 0.2860440340909091 0.22727272727272727 0.26207386363636365 0.17897727272727273 0.24928977272727276 0.14772727272727273 0.22372159090909094 0.18181818181818182 0.22691761363636365 0.26704545454545453 0.23970170454545456 0.3522727272727273 0.2652698863636364 0.3977272727272727 0.3004261363636364 0.42045454545454547
6 0.41708096590909094 0.3693181818181818 0.4186789772727273 0.32386363636363635 0.39311079545454547 0.30113636363636365 0.3659446022727273 0.26420454545454547 0.3259943181818182 0.2528409090909091 0.3355823863636364 0.3125 0.3451704545454546 0.36363636363636365 0.33238636363636365 0.40625 0.3483664772727273 0.4346590909090909 0.36754261363636365 0.4375 0.3963068181818182 0.4289772727272727
6 0.979580965909091 0.6193181818181818 0.9651988636363638 0.5625 0.9332386363636364 0.5113636363636364 0.8821022727272728 0.4715909090909091 0.8549360795454546 0.4715909090909091 0.8069957386363638 0.48863636363636365 0.7702414772727273 0.5028409090909091 0.8133877840909092 0.5795454545454546 0.8725142045454546 0.625 0.9204545454545454 0.6534090909090909 0.9524147727272728 0.6448863636363636
6 0.8197798295454546 0.4090909090909091 0.8389559659090909 0.3494318181818182 0.8789062500000001 0.3125 0.9204545454545454 0.32386363636363635 0.9428267045454546 0.3465909090909091 0.9843750000000001 0.3835227272727273 0.9939630681818182 0.4403409090909091 0.9891690340909092 0.4659090909090909 0.9364346590909092 0.4318181818181818 0.9044744318181819 0.45170454545454547 0.8501420454545454 0.45738636363636365 0.7958096590909092 0.4630681818181818
6 0.8022017045454546 0.41761363636363635 0.7414772727272728 0.3977272727272727 0.7063210227272728 0.35795454545454547 0.6839488636363638 0.30113636363636365 0.6967329545454546 0.26136363636363635 0.7270951704545454 0.17613636363636365 0.7734375000000001 0.20454545454545456 0.8006036931818182 0.23863636363636365 0.8197798295454546 0.28125 0.8245738636363638 0.32670454545454547 0.8245738636363638 0.36363636363636365
6 0.6200284090909092 0.11363636363636363 0.6264204545454546 0.07954545454545454 0.6551846590909092 0.05113636363636364 0.7095170454545454 0.03977272727272727 0.7670454545454546 0.03977272727272727 0.8309659090909092 0.05113636363636364 0.8533380681818182 0.17045454545454544 0.8006036931818182 0.14772727272727273 0.7558593750000001 0.14772727272727273 0.7191051136363638 0.14488636363636365 0.6615767045454546 0.13068181818181818
6 0.9108664772727273 0.2556818181818182 0.9348366477272728 0.23011363636363635 0.9636008522727273 0.1903409090909091 0.9891690340909092 0.16477272727272727 0.9939630681818182 0.07954545454545454 0.9747869318181819 0.0625 0.9364346590909092 0.05113636363636364 0.8980823863636364 0.06818181818181818 0.8693181818181819 0.09659090909090909 0.8948863636363638 0.125 0.9236505681818182 0.1590909090909091
6 0.4282670454545455 0.20738636363636365 0.4602272727272727 0.20738636363636365 0.4794034090909091 0.23863636363636365 0.4714133522727273 0.3068181818181818 0.4586292613636364 0.36363636363636365 0.42187500000000006 0.36079545454545453 0.4234730113636364 0.26988636363636365
6 0.3100142045454546 0.2159090909090909 0.3355823863636364 0.17045454545454544 0.35156250000000006 0.09090909090909091 0.3451704545454546 0.05397727272727273 0.25887784090909094 0.045454545454545456 0.2652698863636364 0.13636363636363635 0.2716619318181818 0.1875
