6 0.14222301136363638 0.9573863636363636 0.07990056818181819 0.9119318181818182 0.04314630681818182 0.9829545454545454 0.09108664772727273 0.9886363636363636 0.13103693181818182 0.9886363636363636
6 0.14062500000000003 0.7272727272727273 0.15820312500000003 0.6704545454545454 0.1853693181818182 0.6590909090909091 0.19335937500000003 0.6022727272727273 0.18696732954545456 0.5625 0.14701704545454547 0.53125 0.1102627840909091 0.5227272727272727 0.08789062500000001 0.6448863636363636 0.08469460227272728 0.7386363636363636
6 0.23650568181818182 0.8892045454545454 0.26207386363636365 0.9232954545454546 0.28125000000000006 0.9176136363636364 0.2924360795454546 0.8664772727272727 0.2956321022727273 0.8039772727272727 0.27325994318181823 0.7215909090909091 0.22851562500000003 0.7528409090909091 0.19655539772727273 0.7159090909090909
6 0.19176136363636365 0.6676136363636364 0.21892755681818182 0.7215909090909091 0.23490767045454547 0.7301136363636364 0.2780539772727273 0.7045454545454546 0.2748579545454546 0.6534090909090909 0.2572798295454546 0.5596590909090909 0.2253196022727273 0.6335227272727273
6 0.19176136363636365 0.5625 0.20454545454545456 0.5965909090909091 0.22372159090909094 0.6136363636363636 0.23650568181818182 0.5738636363636364 0.25248579545454547 0.5284090909090909 0.23490767045454547 0.4602272727272727 0.21253551136363635 0.38636363636363635 0.17737926136363635 0.32954545454545453 0.14541903409090912 0.29545454545454547 0.10866477272727273 0.35795454545454547 0.11825284090909091 0.4119318181818182 0.14062500000000003 0.48295454545454547 0.1725852272727273 0.5198863636363636
6 0.28444602272727276 0.7272727272727273 0.32919034090909094 0.7301136363636364 0.3659446022727273 0.7556818181818182 0.3899147727272727 0.7897727272727273 0.38192471590909094 0.8295454545454546 0.35795454545454547 0.8579545454545454 0.3259943181818182 0.8664772727272727 0.30202414772727276 0.8636363636363636 0.3036221590909091 0.7897727272727273
6 0.3627485795454546 0.9886363636363636 0.4011008522727273 0.9602272727272727 0.4282670454545455 0.9204545454545454 0.43465909090909094 0.8806818181818182 0.4090909090909091 0.8409090909090909 0.3899147727272727 0.8238636363636364 0.34037642045454547 0.8721590909090909 0.30202414772727276 0.8693181818181818 0.2684659090909091 0.9289772727272727 0.23171164772727276 0.90625 0.23490767045454547 0.9772727272727273 0.28125000000000006 0.9886363636363636 0.32279829545454547 0.9886363636363636
6 0.4250710227272727 0.8352272727272727 0.46981534090909094 0.8125 0.5017755681818182 0.8125 0.5337357954545455 0.8323863636363636 0.5625000000000001 0.8721590909090909 0.5688920454545455 0.9147727272727273 0.5577059659090909 0.9460227272727273 0.5353338068181819 0.9602272727272727 0.5113636363636365 0.9715909090909091 0.4825994318181819 0.9318181818181818 0.4410511363636364 0.90625
6 0.263671875 0.23579545454545456 0.3068181818181818 0.2755681818181818 0.31640625000000006 0.23863636363636365 0.3180042613636364 0.20454545454545456 0.3036221590909091 0.14488636363636365 0.2892400568181818 0.07954545454545454 0.2780539772727273 0.048295454545454544 0.24129971590909094 0.04261363636363636 0.2333096590909091 0.09943181818181818 0.24609375000000003 0.17045454545454544
6 0.20134943181818182 0.3068181818181818 0.2157315340909091 0.26136363636363635 0.20454545454545456 0.21306818181818182 0.17418323863636365 0.13636363636363635 0.1534090909090909 0.125 0.1502130681818182 0.2159090909090909 0.16459517045454547 0.26136363636363635
6 0.23490767045454547 0.3096590909090909 0.2828480113636364 0.3352272727272727 0.32919034090909094 0.3352272727272727 0.3243963068181818 0.3693181818181818 0.3547585227272727 0.3664772727272727 0.3803267045454546 0.3494318181818182 0.4058948863636364 0.33238636363636365 0.43465909090909094 0.3096590909090909 0.4234730113636364 0.25 0.4058948863636364 0.2215909090909091 0.3627485795454546 0.16477272727272727 0.3243963068181818 0.1534090909090909 0.3259943181818182 0.19886363636363635 0.3275923295454546 0.26136363636363635 0.2780539772727273 0.29545454545454547
6 0.48899147727272735 0.4431818181818182 0.5129616477272728 0.3977272727272727 0.5401278409090909 0.375 0.5720880681818182 0.3835227272727273 0.5976562500000001 0.3835227272727273 0.6615767045454546 0.38636363636363635 0.6967329545454546 0.4090909090909091 0.7254971590909092 0.4090909090909091 0.6967329545454546 0.4715909090909091 0.6328125000000001 0.5454545454545454 0.6056463068181819 0.5681818181818182 0.544921875 0.5255681818181818 0.5033735795454546 0.48295454545454547
6 0.5225497159090909 0.7443181818181818 0.5960582386363636 0.7585227272727273 0.6136363636363636 0.7386363636363636 0.6104403409090909 0.6875 0.5928622159090909 0.6534090909090909 0.544921875 0.5965909090909091 0.5193536931818182 0.5482954545454546 0.48899147727272735 0.5426136363636364 0.4985795454545455 0.5965909090909091 0.5337357954545455 0.6420454545454546 0.5353338068181819 0.7159090909090909
6 0.4953835227272727 0.7897727272727273 0.5177556818181819 0.7215909090909091 0.5305397727272728 0.6846590909090909 0.5161576704545455 0.6335227272727273 0.4857954545454546 0.6193181818181818 0.4634232954545455 0.6647727272727273 0.4666193181818182 0.6931818181818182 0.46981534090909094 0.7613636363636364
6 0.6471946022727273 0.6818181818181818 0.6807528409090909 0.7215909090909091 0.7270951704545454 0.7585227272727273 0.7574573863636364 0.7727272727272727 0.7958096590909092 0.7840909090909091 0.8309659090909092 0.7784090909090909 0.8517400568181819 0.7670454545454546 0.8485440340909092 0.7244318181818182 0.8197798295454546 0.6789772727272727 0.7654474431818182 0.6931818181818182 0.7095170454545454 0.6732954545454546 0.6647727272727273 0.6534090909090909
6 0.7478693181818182 0.5369318181818182 0.7910156250000001 0.5625 0.7814275568181819 0.5965909090909091 0.8213778409090909 0.6221590909090909 0.8613281250000001 0.6590909090909091 0.9044744318181819 0.6761363636363636 0.9396306818181819 0.6846590909090909 0.9699928977272728 0.6647727272727273 0.9683948863636364 0.6335227272727273 0.9460227272727273 0.5795454545454546 0.9236505681818182 0.5284090909090909 0.856534090909091 0.45454545454545453 0.8245738636363638 0.45738636363636365 0.7974076704545454 0.48579545454545453 0.7798295454545454 0.4147727272727273 0.7574573863636364 0.4403409090909091 0.7398792613636364 0.45454545454545453
6 0.7286931818181819 0.2585227272727273 0.7606534090909092 0.3125 0.7990056818181819 0.32386363636363635 0.8325639204545454 0.3153409090909091 0.8453480113636364 0.2840909090909091 0.8357599431818182 0.2215909090909091 0.8165838068181819 0.1534090909090909 0.7702414772727273 0.10227272727272728 0.7494673295454546 0.09659090909090909
6 0.8517400568181819 0.26136363636363635 0.8789062500000001 0.22727272727272727 0.891690340909091 0.1903409090909091 0.8821022727272728 0.14488636363636365 0.8501420454545454 0.11931818181818182 0.8053977272727273 0.09090909090909091 0.7990056818181819 0.11931818181818182 0.8325639204545454 0.1846590909090909
6 0.6216264204545455 0.33238636363636365 0.6679687500000001 0.26988636363636365 0.6791548295454546 0.3181818181818182 0.6903409090909092 0.2471590909090909 0.7207031250000001 0.18181818181818182 0.7286931818181819 0.13636363636363635 0.6743607954545454 0.11363636363636363 0.6328125000000001 0.14772727272727273 0.6040482954545455 0.2556818181818182 0.5816761363636365 0.32954545454545453 0.6040482954545455 0.35795454545454547
6 0.8964843750000001 0.2159090909090909 0.9332386363636364 0.22443181818181818 0.9667968750000001 0.19318181818181818 0.9939630681818182 0.1534090909090909 0.9923650568181819 0.05113636363636364 0.9636008522727273 0.05397727272727273 0.9252485795454546 0.056818181818181816 0.8948863636363638 0.10227272727272728 0.8852982954545454 0.13068181818181818
6 0.8693181818181819 0.4375 0.9044744318181819 0.40625 0.9380326704545454 0.3693181818181818 0.979580965909091 0.33238636363636365 0.997159090909091 0.3977272727272727 0.9923650568181819 0.4914772727272727 0.9699928977272728 0.53125 0.9492187500000001 0.5198863636363636 0.9252485795454546 0.5085227272727273
6 0.7095170454545454 0.8579545454545454 0.6743607954545454 0.8380681818181818 0.6136363636363636 0.8721590909090909 0.5976562500000001 0.9005681818181818 0.6392045454545455 0.9176136363636364 0.6775568181818182 0.9403409090909091 0.6999289772727273 0.9772727272727273 0.7127130681818182 0.9318181818181818 0.7175071022727273 0.8920454545454546
