7 0.40429687500000006 0.44886363636363635 0.43945312500000006 0.36079545454545453 0.47301136363636365 0.3068181818181818 0.5049715909090909 0.32670454545454547 0.5656960227272728 0.38920454545454547 0.5912642045454546 0.32954545454545453 0.5896661931818182 0.375 0.5816761363636365 0.4147727272727273 0.5625000000000001 0.4375 0.5465198863636365 0.5 0.5545099431818182 0.5369318181818182 0.5784801136363636 0.5653409090909091 0.5369318181818182 0.5681818181818182 0.4937855113636364 0.5426136363636364 0.45543323863636365 0.5056818181818182 0.4234730113636364 0.4943181818181818
7 0.7414772727272728 0.8352272727272727 0.7750355113636364 0.8380681818181818 0.8149857954545454 0.8068181818181818 0.8405539772727273 0.7698863636363636 0.8405539772727273 0.7272727272727273 0.8213778409090909 0.6704545454545454 0.7798295454545454 0.5909090909090909 0.7558593750000001 0.5397727272727273 0.7382812500000001 0.6278409090909091 0.7063210227272728 0.5823863636363636 0.6951349431818182 0.6590909090909091 0.6887428977272728 0.7102272727272727 0.7159090909090909 0.6988636363636364 0.7318892045454546 0.7045454545454546
7 0.5305397727272728 0.9431818181818182 0.5593039772727273 0.8409090909090909 0.5848721590909092 0.78125 0.6136363636363636 0.7301136363636364 0.6264204545454546 0.8125 0.6567826704545454 0.8465909090909091 0.6887428977272728 0.7613636363636364 0.7015269886363638 0.8181818181818182 0.7063210227272728 0.8948863636363636 0.6775568181818182 0.8778409090909091 0.6583806818181819 0.8920454545454546 0.6519886363636364 0.9659090909090909 0.6583806818181819 0.9914772727272727 0.5593039772727273 0.9886363636363636
7 0.23650568181818182 0.8863636363636364 0.2684659090909091 0.8096590909090909 0.3036221590909091 0.7727272727272727 0.3611505681818182 0.6960227272727273 0.36914062500000006 0.75 0.3835227272727273 0.7897727272727273 0.4011008522727273 0.7954545454545454 0.4122869318181819 0.7443181818181818 0.43465909090909094 0.8295454545454546 0.43785511363636365 0.8920454545454546 0.4090909090909091 0.8636363636363636 0.3979048295454546 0.8579545454545454 0.39311079545454547 0.9204545454545454 0.41068892045454547 0.9573863636363636 0.38671875000000006 0.9772727272727273 0.3371803977272727 0.9744318181818182 0.2860440340909091 0.9488636363636364 0.26207386363636365 0.9261363636363636
7 0.21093750000000003 0.6931818181818182 0.25568181818181823 0.6704545454545454 0.28764204545454547 0.6221590909090909 0.31480823863636365 0.5909090909090909 0.29403409090909094 0.5454545454545454 0.26207386363636365 0.5142045454545454 0.264620072614108 0.5311792719728404 0.2684659090909091 0.5568181818181818 0.24449573863636367 0.5738636363636364 0.22502373284203425 0.5660469171917192 0.19495738636363635 0.5539772727272727 0.17897727272727273 0.5795454545454546 0.19975142045454547 0.6363636363636364
7 0.11505681818181818 0.4772727272727273 0.13103693181818182 0.4147727272727273 0.1677911931818182 0.3721590909090909 0.21253551136363635 0.3465909090909091 0.24609375000000003 0.32670454545454547 0.23490767045454547 0.3806818181818182 0.25887784090909094 0.4119318181818182 0.27645596590909094 0.3409090909090909 0.28125000000000006 0.4431818181818182 0.2652698863636364 0.4602272727272727 0.2508877840909091 0.5397727272727273 0.15980113636363638 0.5227272727272727
7 0.6200284090909092 0.3409090909090909 0.6503906250000001 0.2869318181818182 0.6855468750000001 0.25 0.7270951704545454 0.25 0.7270951704545454 0.29545454545454547 0.7462713068181819 0.3068181818181818 0.7926136363636364 0.2755681818181818 0.7814275568181819 0.3664772727272727 0.7862215909090909 0.4147727272727273 0.7446732954545454 0.36363636363636365 0.7143110795454546 0.4005681818181818 0.7223011363636364 0.45454545454545453 0.6983309659090909 0.4744318181818182 0.6487926136363636 0.4403409090909091 0.6232244318181819 0.39204545454545453
7 0.8437500000000001 0.5511363636363636 0.8693181818181819 0.4602272727272727 0.8837002840909092 0.4147727272727273 0.8549360795454546 0.2897727272727273 0.8453480113636364 0.23295454545454544 0.8373579545454546 0.3125 0.8277698863636364 0.38636363636363635 0.8213778409090909 0.45454545454545453 0.8325639204545454 0.4914772727272727
7 0.926846590909091 0.6931818181818182 0.9683948863636364 0.59375 0.9907670454545454 0.5340909090909091 0.9907670454545454 0.33238636363636365 0.9667968750000001 0.2727272727272727 0.9316406250000001 0.2159090909090909 0.926846590909091 0.32386363636363635 0.9220525568181819 0.4147727272727273 0.8980823863636364 0.35795454545454547 0.8932883522727273 0.45170454545454547 0.8980823863636364 0.5568181818181818 0.9284446022727273 0.4971590909090909 0.9300426136363638 0.5625 0.9236505681818182 0.6534090909090909
7 0.027166193181818184 0.8181818181818182 0.044744318181818184 0.7556818181818182 0.055930397727272735 0.6789772727272727 0.07191051136363637 0.6392045454545454 0.10227272727272728 0.7102272727272727 0.12304687500000001 0.6818181818181818 0.12304687500000001 0.7698863636363636 0.13103693181818182 0.8295454545454546 0.11186079545454547 0.8125 0.11505681818181818 0.8948863636363636 0.11505681818181818 0.9431818181818182 0.05752840909090909 0.8863636363636364 0.03675426136363637 0.8806818181818182
