6 0.19655539772727273 0.5738636363636364 0.17578125000000003 0.6477272727272727 0.17897727272727273 0.7102272727272727 0.14701704545454547 0.6875 0.10706676136363638 0.7471590909090909 0.08309659090909091 0.7244318181818182 0.0751065340909091 0.6732954545454546 0.09588068181818182 0.6477272727272727 0.10067471590909091 0.5681818181818182 0.11505681818181818 0.5284090909090909 0.13423295454545456 0.5113636363636364 0.15980113636363638 0.5113636363636364 0.18217329545454547 0.5340909090909091
6 0.5736860795454546 0.8977272727272727 0.544921875 0.8352272727272727 0.4969815340909091 0.8068181818181818 0.4314630681818182 0.8238636363636364 0.4186789772727273 0.8352272727272727 0.4458451704545455 0.8863636363636364 0.4825994318181819 0.9147727272727273 0.5081676136363636 0.9488636363636364 0.5241477272727273 0.9659090909090909 0.5481178977272728 0.9431818181818182
6 0.5369318181818182 0.4147727272727273 0.5625000000000001 0.38920454545454547 0.6040482954545455 0.39204545454545453 0.6392045454545455 0.39204545454545453 0.6839488636363638 0.4119318181818182 0.7143110795454546 0.42613636363636365 0.7382812500000001 0.4346590909090909 0.7015269886363638 0.5028409090909091 0.6807528409090909 0.5625 0.6328125000000001 0.5738636363636364 0.5752840909090909 0.5170454545454546 0.5433238636363636 0.4602272727272727
6 0.9779829545454547 0.6534090909090909 0.9524147727272728 0.5738636363636364 0.9300426136363638 0.5227272727272727 0.9044744318181819 0.4943181818181818 0.8597301136363638 0.4318181818181818 0.7974076704545454 0.4289772727272727 0.8101917613636364 0.48295454545454547 0.7750355113636364 0.4147727272727273 0.7446732954545454 0.4772727272727273 0.7574573863636364 0.5227272727272727 0.7846235795454546 0.5340909090909091 0.7990056818181819 0.5482954545454546 0.8006036931818182 0.5909090909090909 0.8293678977272728 0.6193181818181818 0.8629261363636364 0.6477272727272727 0.9012784090909092 0.6761363636363636 0.9460227272727273 0.6789772727272727
6 0.6120383522727273 0.7272727272727273 0.6104403409090909 0.6590909090909091 0.5720880681818182 0.6164772727272727 0.5545099431818182 0.5852272727272727 0.5656960227272728 0.5227272727272727 0.5209517045454546 0.5596590909090909 0.45543323863636365 0.5369318181818182 0.4298650568181819 0.53125 0.4538352272727273 0.6534090909090909 0.49058948863636365 0.6420454545454546 0.5241477272727273 0.6534090909090909 0.5417258522727273 0.6931818181818182 0.5401278409090909 0.7159090909090909 0.5752840909090909 0.7329545454545454
6 0.39311079545454547 0.7869318181818182 0.35795454545454547 0.7357954545454546 0.31480823863636365 0.7215909090909091 0.27325994318181823 0.71875 0.2780539772727273 0.8096590909090909 0.2780539772727273 0.84375 0.31161221590909094 0.8465909090909091 0.3387784090909091 0.8551136363636364 0.36434659090909094 0.84375 0.38192471590909094 0.8153409090909091
6 0.4314630681818182 0.2585227272727273 0.4058948863636364 0.1846590909090909 0.35156250000000006 0.13636363636363635 0.3100142045454546 0.12215909090909091 0.23011363636363635 0.13068181818181818 0.2205255681818182 0.2585227272727273 0.28125000000000006 0.29545454545454547 0.3419744318181819 0.30113636363636365 0.3739346590909091 0.30113636363636365 0.40269886363636365 0.2784090909090909
6 0.4282670454545455 0.8863636363636364 0.39311079545454547 0.8238636363636364 0.3531605113636364 0.8579545454545454 0.29083806818181823 0.8664772727272727 0.2428977272727273 0.8806818181818182 0.24769176136363635 0.9659090909090909 0.2780539772727273 0.9801136363636364 0.33238636363636365 0.9829545454545454 0.3659446022727273 0.9659090909090909 0.40269886363636365 0.9488636363636364
6 0.5145596590909092 0.3125 0.47460937500000006 0.30113636363636365 0.4794034090909091 0.39488636363636365 0.4810014204545455 0.45454545454545453 0.4969815340909091 0.5198863636363636 0.5193536931818182 0.5454545454545454 0.5337357954545455 0.5227272727272727 0.5225497159090909 0.4602272727272727 0.5161576704545455 0.3977272727272727 0.5209517045454546 0.3380681818181818
6 0.8501420454545454 0.7698863636363636 0.8053977272727273 0.7926136363636364 0.7350852272727273 0.7784090909090909 0.6999289772727273 0.7329545454545454 0.6647727272727273 0.6761363636363636 0.6455965909090909 0.6221590909090909 0.6727627840909092 0.5767045454545454 0.7047230113636364 0.6306818181818182 0.7382812500000001 0.6676136363636364 0.7782315340909092 0.6960227272727273 0.8197798295454546 0.6988636363636364 0.8437500000000001 0.7045454545454546
6 0.9939630681818182 0.09090909090909091 0.9651988636363638 0.16193181818181818 0.8821022727272728 0.20170454545454544 0.8405539772727273 0.2215909090909091 0.8661221590909092 0.11647727272727272 0.8852982954545454 0.07386363636363637 0.9188565340909092 0.05113636363636364 0.9524147727272728 0.04261363636363636 0.9891690340909092 0.05113636363636364
6 0.2077414772727273 0.5596590909090909 0.24129971590909094 0.5170454545454546 0.22212357954545456 0.4318181818181818 0.21732954545454547 0.3693181818181818 0.19975142045454547 0.32670454545454547 0.15181107954545456 0.2727272727272727 0.1374289772727273 0.26136363636363635 0.13423295454545456 0.32954545454545453 0.10227272727272728 0.28125 0.0926846590909091 0.35511363636363635 0.09428267045454547 0.4090909090909091 0.12943892045454547 0.4318181818181818 0.15820312500000003 0.4914772727272727 0.17897727272727273 0.5227272727272727
6 0.7063210227272728 0.125 0.6711647727272728 0.11931818181818182 0.6136363636363636 0.16193181818181818 0.6136363636363636 0.25 0.6296164772727273 0.3125 0.6551846590909092 0.29261363636363635 0.6775568181818182 0.3380681818181818 0.6807528409090909 0.2840909090909091 0.6807528409090909 0.22727272727272727 0.7063210227272728 0.17045454545454544
6 0.8980823863636364 0.4630681818181818 0.9364346590909092 0.39488636363636365 0.9843750000000001 0.32954545454545453 0.9955610795454547 0.3778409090909091 0.9875710227272728 0.5028409090909091 0.9699928977272728 0.5142045454545454 0.9428267045454546 0.5113636363636364
