6 0.1981534090909091 0.7784090909090909 0.14701704545454547 0.7642045454545454 0.12304687500000001 0.7102272727272727 0.08789062500000001 0.6505681818181818 0.06072443181818182 0.6278409090909091 0.0751065340909091 0.5056818181818182 0.13103693181818182 0.4943181818181818 0.15980113636363638 0.5227272727272727 0.18377130681818182 0.5909090909090909 0.19495738636363635 0.6590909090909091 0.20134943181818182 0.7215909090909091
6 0.21093750000000003 0.6988636363636364 0.2333096590909091 0.7045454545454546 0.24609375000000003 0.6704545454545454 0.24609375000000003 0.625 0.22851562500000003 0.5369318181818182 0.20614346590909094 0.4460227272727273 0.19459891354422607 0.40725583538083543 0.19176136363636365 0.3977272727272727 0.18298034236463448 0.3986733760292772 0.13902698863636365 0.4034090909090909 0.10067471590909091 0.40625 0.10387073863636365 0.48295454545454547 0.15980113636363638 0.5 0.1853693181818182 0.5681818181818182 0.1981534090909091 0.6306818181818182
6 0.22691761363636365 0.39204545454545453 0.23650568181818182 0.3352272727272727 0.22372159090909094 0.28125 0.20614346590909094 0.21875 0.1901633522727273 0.17613636363636365 0.16938920454545456 0.15056818181818182 0.13423295454545456 0.13352272727272727 0.1374289772727273 0.19602272727272727 0.10387073863636365 0.15056818181818182 0.08629261363636365 0.2840909090909091 0.07990056818181819 0.33238636363636365 0.12784090909090912 0.3380681818181818 0.15660511363636365 0.35511363636363635
6 0.33398437500000006 0.4318181818181818 0.3387784090909091 0.38636363636363635 0.33398437500000006 0.3380681818181818 0.3068181818181818 0.2727272727272727 0.2924360795454546 0.23863636363636365 0.25568181818181823 0.16193181818181818 0.24769176136363635 0.13068181818181818 0.23650568181818182 0.07954545454545454 0.19176136363636365 0.08522727272727272 0.16459517045454547 0.10511363636363637 0.2029474431818182 0.16761363636363635 0.21093750000000003 0.2215909090909091 0.23490767045454547 0.3068181818181818 0.25568181818181823 0.38920454545454547 0.28764204545454547 0.42329545454545453
6 0.8245738636363638 0.75 0.8022017045454546 0.6875 0.7686434659090909 0.6619318181818182 0.6455965909090909 0.6647727272727273 0.5976562500000001 0.6619318181818182 0.6136363636363636 0.7215909090909091 0.6232244318181819 0.7585227272727273 0.6567826704545454 0.7642045454545454 0.6999289772727273 0.7926136363636364 0.7414772727272728 0.7840909090909091 0.7766335227272728 0.7784090909090909 0.7958096590909092 0.7670454545454546
6 0.9843750000000001 0.6164772727272727 0.9747869318181819 0.5681818181818182 0.9556107954545454 0.5227272727272727 0.9236505681818182 0.48863636363636365 0.8821022727272728 0.4715909090909091 0.8341619318181819 0.4659090909090909 0.7862215909090909 0.4460227272727273 0.7510653409090909 0.4602272727272727 0.7574573863636364 0.5113636363636364 0.8389559659090909 0.5852272727272727 0.8693181818181819 0.6136363636363636 0.9172585227272728 0.6306818181818182 0.9460227272727273 0.6363636363636364
6 0.5625000000000001 0.39488636363636365 0.5593039772727273 0.48011363636363635 0.5656960227272728 0.5596590909090909 0.5848721590909092 0.5852272727272727 0.6232244318181819 0.6193181818181818 0.6775568181818182 0.6306818181818182 0.7095170454545454 0.6193181818181818 0.6871448863636364 0.5681818181818182 0.6615767045454546 0.4971590909090909 0.6328125000000001 0.45454545454545453 0.6072443181818182 0.4034090909090909
6 0.4266690340909091 0.7613636363636364 0.4058948863636364 0.8125 0.35156250000000006 0.8465909090909091 0.3259943181818182 0.8323863636363636 0.30522017045454547 0.7755681818181818 0.28444602272727276 0.7272727272727273 0.32279829545454547 0.7045454545454546 0.35795454545454547 0.7244318181818182 0.38671875000000006 0.7301136363636364
6 0.3419744318181819 0.9772727272727273 0.3483664772727273 0.9261363636363636 0.3180042613636364 0.8607954545454546 0.29882812500000006 0.8011363636363636 0.29882812500000006 0.8835227272727273 0.26207386363636365 0.8977272727272727 0.23650568181818182 0.8977272727272727 0.25887784090909094 0.9517045454545454 0.2892400568181818 0.9829545454545454
6 0.24928977272727276 0.6875 0.2748579545454546 0.7301136363636364 0.28444602272727276 0.7727272727272727 0.28764204545454547 0.8181818181818182 0.29083806818181823 0.8579545454545454 0.26207386363636365 0.8664772727272727 0.23650568181818182 0.8693181818181818 0.21253551136363635 0.8011363636363636 0.21413352272727276 0.7386363636363636
6 0.39950284090909094 0.9715909090909091 0.4250710227272727 0.9460227272727273 0.43785511363636365 0.9204545454545454 0.4314630681818182 0.875 0.39950284090909094 0.8522727272727273 0.37553267045454547 0.8409090909090909 0.3435724431818182 0.8551136363636364 0.35795454545454547 0.9204545454545454 0.35156250000000006 0.9659090909090909 0.3483664772727273 0.9914772727272727 0.3739346590909091 0.9801136363636364
6 0.3899147727272727 0.42613636363636365 0.4090909090909091 0.3806818181818182 0.41068892045454547 0.32954545454545453 0.3771306818181819 0.2897727272727273 0.3483664772727273 0.2528409090909091 0.3132102272727273 0.23863636363636365 0.33238636363636365 0.3039772727272727 0.3483664772727273 0.3664772727272727 0.3419744318181819 0.44886363636363635 0.36434659090909094 0.4431818181818182
6 0.6088423295454546 0.8522727272727273 0.5529119318181819 0.8125 0.5193536931818182 0.7443181818181818 0.46981534090909094 0.6590909090909091 0.4969815340909091 0.5681818181818182 0.5433238636363636 0.6051136363636364 0.5784801136363636 0.6619318181818182 0.5976562500000001 0.7272727272727273 0.6104403409090909 0.7727272727272727
6 0.8149857954545454 0.40625 0.8261718750000001 0.32954545454545453 0.8085937500000001 0.2897727272727273 0.7846235795454546 0.22443181818181818 0.7414772727272728 0.1846590909090909 0.7270951704545454 0.21306818181818182 0.6935369318181819 0.26420454545454547 0.6791548295454546 0.29545454545454547 0.7095170454545454 0.3409090909090909 0.7286931818181819 0.38636363636363635 0.7606534090909092 0.3977272727272727 0.7894176136363638 0.4090909090909091
6 0.8693181818181819 0.13352272727272727 0.8948863636363638 0.11931818181818182 0.9140625000000001 0.13636363636363635 0.9012784090909092 0.25 0.8884943181818182 0.2897727272727273 0.8533380681818182 0.3153409090909091 0.8485440340909092 0.2556818181818182 0.8533380681818182 0.1875
6 0.8165838068181819 0.42045454545454547 0.8373579545454546 0.35511363636363635 0.8789062500000001 0.3153409090909091 0.9140625000000001 0.29261363636363635 0.9460227272727273 0.3721590909090909 0.9651988636363638 0.4090909090909091 0.9012784090909092 0.44886363636363635 0.8629261363636364 0.4602272727272727
6 0.6152343750000001 0.09943181818181818 0.6503906250000001 0.13068181818181818 0.6903409090909092 0.14488636363636365 0.7350852272727273 0.13636363636363635 0.7718394886363638 0.11363636363636363 0.8022017045454546 0.11931818181818182 0.8133877840909092 0.045454545454545456 0.6711647727272728 0.05113636363636364 0.6344105113636365 0.05397727272727273
6 0.5816761363636365 0.30113636363636365 0.6296164772727273 0.3096590909090909 0.6615767045454546 0.3068181818181818 0.6871448863636364 0.2556818181818182 0.7238991477272728 0.20454545454545456 0.7302911931818182 0.17613636363636365 0.7191051136363638 0.16193181818181818 0.6424005681818182 0.17045454545454544 0.6072443181818182 0.1875 0.5625000000000001 0.23863636363636365 0.5561079545454546 0.2840909090909091
6 0.5177556818181819 0.9602272727272727 0.5465198863636365 0.9318181818181818 0.5656960227272728 0.8948863636363636 0.5736860795454546 0.8607954545454546 0.5656960227272728 0.8409090909090909 0.5385298295454546 0.8096590909090909 0.5081676136363636 0.8011363636363636 0.48739346590909094 0.8039772727272727 0.4953835227272727 0.8693181818181818 0.4985795454545455 0.9147727272727273
6 0.4794034090909091 0.9460227272727273 0.48899147727272735 0.8835227272727273 0.4794034090909091 0.8068181818181818 0.46981534090909094 0.7556818181818182 0.4586292613636364 0.6789772727272727 0.4266690340909091 0.6534090909090909 0.41068892045454547 0.7159090909090909 0.43465909090909094 0.7698863636363636 0.42187500000000006 0.8096590909090909 0.4282670454545455 0.8494318181818182 0.4506392045454546 0.9090909090909091
6 0.4138849431818182 0.35795454545454547 0.42187500000000006 0.3068181818181818 0.42027698863636365 0.24147727272727273 0.4330610795454546 0.17897727272727273 0.4666193181818182 0.1846590909090909 0.4841974431818182 0.2159090909090909 0.46981534090909094 0.26420454545454547 0.4426491477272727 0.36363636363636365
6 0.4122869318181819 0.39204545454545453 0.4474431818181819 0.3693181818181818 0.4666193181818182 0.4034090909090909 0.4985795454545455 0.4431818181818182 0.5177556818181819 0.4744318181818182 0.5305397727272728 0.5568181818181818 0.5001775568181819 0.5454545454545454 0.4474431818181819 0.5340909090909091 0.4186789772727273 0.5340909090909091 0.4090909090909091 0.48863636363636365 0.4090909090909091 0.4318181818181818
