6 0.19975142045454547 0.6505681818181818 0.1629971590909091 0.6931818181818182 0.12784090909090912 0.6903409090909091 0.08309659090909091 0.6931818181818182 0.06711647727272728 0.6818181818181818 0.06072443181818182 0.5852272727272727 0.08469460227272728 0.5568181818181818 0.10866477272727273 0.5170454545454546 0.14541903409090912 0.5170454545454546 0.16459517045454547 0.5568181818181818 0.18217329545454547 0.5880681818181818
6 0.22691761363636365 0.6392045454545454 0.24609375000000003 0.5681818181818182 0.22691761363636365 0.4630681818181818 0.20933948863636365 0.3778409090909091 0.16938920454545456 0.32954545454545453 0.14382102272727273 0.3409090909090909 0.09907670454545454 0.44886363636363635 0.14062500000000003 0.4772727272727273 0.1677911931818182 0.5397727272727273 0.1853693181818182 0.5710227272727273
6 0.2157315340909091 0.6676136363636364 0.22691761363636365 0.7102272727272727 0.2205255681818182 0.7755681818181818 0.24609375000000003 0.7954545454545454 0.27645596590909094 0.7784090909090909 0.28125000000000006 0.7215909090909091 0.2684659090909091 0.6534090909090909 0.25248579545454547 0.5909090909090909
6 0.24609375000000003 0.8835227272727273 0.2572798295454546 0.9375 0.2956321022727273 0.9545454545454546 0.3068181818181818 0.9176136363636364 0.31640625000000006 0.875 0.29723011363636365 0.8210227272727273 0.2924360795454546 0.7869318181818182 0.23970170454545456 0.8125
6 0.3835227272727273 0.9801136363636364 0.41708096590909094 0.9517045454545454 0.4506392045454546 0.8977272727272727 0.3963068181818182 0.8295454545454546 0.3611505681818182 0.84375 0.3419744318181819 0.875 0.3243963068181818 0.8892045454545454 0.3132102272727273 0.9346590909090909 0.31161221590909094 0.9715909090909091
6 0.2860440340909091 0.7215909090909091 0.32279829545454547 0.7443181818181818 0.3595525568181819 0.7414772727272727 0.4011008522727273 0.7784090909090909 0.3979048295454546 0.8068181818181818 0.3659446022727273 0.8295454545454546 0.32919034090909094 0.8693181818181818 0.3068181818181818 0.8125
6 0.5241477272727273 0.96875 0.5561079545454546 0.9375 0.5752840909090909 0.8977272727272727 0.5736860795454546 0.8636363636363636 0.5401278409090909 0.8295454545454546 0.5049715909090909 0.8096590909090909 0.46981534090909094 0.8153409090909091 0.4538352272727273 0.8806818181818182 0.4650213068181819 0.9090909090909091 0.4937855113636364 0.9318181818181818
6 0.4458451704545455 0.8579545454545454 0.45703125000000006 0.8352272727272727 0.46981534090909094 0.8096590909090909 0.4602272727272727 0.7329545454545454 0.4410511363636364 0.6534090909090909 0.43785511363636365 0.5738636363636364 0.38512073863636365 0.5795454545454546 0.3707386363636364 0.6193181818181818 0.3707386363636364 0.6590909090909091 0.40269886363636365 0.6761363636363636 0.40269886363636365 0.7159090909090909 0.4058948863636364 0.7727272727272727 0.4058948863636364 0.8210227272727273
6 0.4794034090909091 0.7869318181818182 0.5081676136363636 0.7357954545454546 0.5209517045454546 0.7017045454545454 0.5305397727272728 0.6590909090909091 0.5305397727272728 0.6136363636363636 0.5033735795454546 0.5710227272727273 0.47301136363636365 0.5795454545454546 0.4490411931818182 0.6193181818181818 0.45703125000000006 0.6818181818181818
6 0.5209517045454546 0.7301136363636364 0.5401278409090909 0.7698863636363636 0.5736860795454546 0.7784090909090909 0.6200284090909092 0.7840909090909091 0.6200284090909092 0.7386363636363636 0.6040482954545455 0.6875 0.5720880681818182 0.6306818181818182 0.5513139204545455 0.6022727272727273 0.5369318181818182 0.6306818181818182
6 0.45703125000000006 0.4431818181818182 0.49218750000000006 0.5028409090909091 0.509765625 0.5397727272727273 0.5561079545454546 0.5454545454545454 0.5848721590909092 0.5568181818181818 0.6168323863636365 0.5823863636363636 0.6408025568181819 0.5823863636363636 0.6120383522727273 0.5113636363636364 0.6232244318181819 0.4460227272727273 0.5944602272727273 0.42045454545454547 0.5433238636363636 0.4005681818181818 0.5129616477272728 0.3721590909090909 0.47460937500000006 0.39488636363636365
6 0.6216264204545455 0.4943181818181818 0.6328125000000001 0.45170454545454547 0.6599786931818182 0.45170454545454547 0.6839488636363638 0.4715909090909091 0.7079190340909092 0.5255681818181818 0.7223011363636364 0.5568181818181818 0.7430752840909092 0.5823863636363636 0.7702414772727273 0.6107954545454546 0.7766335227272728 0.6534090909090909 0.7414772727272728 0.6676136363636364 0.6999289772727273 0.6647727272727273 0.6679687500000001 0.6193181818181818 0.6535866477272728 0.5965909090909091
6 0.9731889204545454 0.6534090909090909 0.9236505681818182 0.6761363636363636 0.8597301136363638 0.6392045454545454 0.8022017045454546 0.6306818181818182 0.7830255681818182 0.59375 0.7830255681818182 0.5738636363636364 0.7638494318181819 0.5653409090909091 0.7430752840909092 0.5681818181818182 0.7318892045454546 0.5340909090909091 0.7462713068181819 0.4772727272727273 0.7686434659090909 0.42045454545454547 0.7830255681818182 0.4744318181818182 0.8085937500000001 0.4375 0.8485440340909092 0.4602272727272727 0.874112215909091 0.48579545454545453 0.9172585227272728 0.5142045454545454 0.9396306818181819 0.5426136363636364 0.9683948863636364 0.5909090909090909
6 0.8533380681818182 0.7386363636363636 0.8485440340909092 0.7159090909090909 0.8261718750000001 0.6818181818181818 0.7974076704545454 0.6818181818181818 0.7430752840909092 0.6818181818181818 0.7127130681818182 0.6846590909090909 0.6583806818181819 0.6306818181818182 0.6168323863636365 0.6534090909090909 0.6519886363636364 0.6704545454545454 0.6855468750000001 0.7045454545454546 0.6999289772727273 0.7642045454545454 0.7414772727272728 0.7784090909090909 0.7814275568181819 0.7840909090909091 0.8149857954545454 0.7784090909090909 0.8373579545454546 0.7755681818181818
6 0.5800781250000001 0.9005681818181818 0.6104403409090909 0.8977272727272727 0.6551846590909092 0.9090909090909091 0.6839488636363638 0.9431818181818182 0.6983309659090909 0.9829545454545454 0.6439985795454546 0.9772727272727273 0.5816761363636365 0.9829545454545454 0.5225497159090909 0.9914772727272727
6 0.5816761363636365 0.8465909090909091 0.6344105113636365 0.8153409090909091 0.6983309659090909 0.8011363636363636 0.7127130681818182 0.8352272727272727 0.7079190340909092 0.9119318181818182 0.6983309659090909 0.9488636363636364 0.6376065340909092 0.8835227272727273 0.5944602272727273 0.8721590909090909
6 0.4234730113636364 0.3352272727272727 0.4090909090909091 0.2727272727272727 0.3435724431818182 0.21022727272727273 0.31161221590909094 0.1875 0.33238636363636365 0.2784090909090909 0.29882812500000006 0.33238636363636365 0.30841619318181823 0.3522727272727273 0.3483664772727273 0.3664772727272727 0.3915127840909091 0.3664772727272727 0.41068892045454547 0.35511363636363635
6 0.2748579545454546 0.3153409090909091 0.25248579545454547 0.26136363636363635 0.24609375000000003 0.19602272727272727 0.24609375000000003 0.14488636363636365 0.25568181818181823 0.08522727272727272 0.25568181818181823 0.048295454545454544 0.2780539772727273 0.045454545454545456 0.2956321022727273 0.14488636363636365 0.30202414772727276 0.20454545454545456 0.3180042613636364 0.26704545454545453 0.3068181818181818 0.29829545454545453
6 0.8501420454545454 0.36079545454545453 0.8453480113636364 0.30113636363636365 0.8469460227272728 0.24431818181818182 0.8197798295454546 0.1846590909090909 0.7798295454545454 0.1590909090909091 0.7334872159090909 0.15056818181818182 0.7079190340909092 0.23863636363636365 0.7254971590909092 0.2784090909090909 0.7542613636363638 0.32386363636363635 0.7766335227272728 0.3494318181818182 0.7990056818181819 0.3522727272727273 0.8213778409090909 0.3664772727272727
6 0.9923650568181819 0.07102272727272728 0.9604048295454547 0.05965909090909091 0.9108664772727273 0.09943181818181818 0.8821022727272728 0.14204545454545456 0.874112215909091 0.21022727272727273 0.9204545454545454 0.19886363636363635 0.9683948863636364 0.1846590909090909 0.9875710227272728 0.18181818181818182
6 0.7207031250000001 0.14204545454545456 0.6775568181818182 0.11931818181818182 0.6040482954545455 0.20170454545454544 0.5545099431818182 0.26420454545454547 0.5672940340909092 0.3465909090909091 0.6264204545454546 0.3125 0.6679687500000001 0.2727272727272727 0.6903409090909092 0.24431818181818182
6 0.4778053977272727 0.13352272727272727 0.4474431818181819 0.10227272727272728 0.4138849431818182 0.13068181818181818 0.39950284090909094 0.19886363636363635 0.40429687500000006 0.23863636363636365 0.4234730113636364 0.2727272727272727 0.4330610795454546 0.3409090909090909 0.4442471590909091 0.32386363636363635 0.4538352272727273 0.2528409090909091 0.47301136363636365 0.19602272727272727
