6 0.20454545454545456 0.6988636363636364 0.20454545454545456 0.6448863636363636 0.18856534090909094 0.5823863636363636 0.15660511363636365 0.5369318181818182 0.11505681818181818 0.4943181818181818 0.09108664772727273 0.5454545454545454 0.06072443181818182 0.5852272727272727 0.04953835227272727 0.6647727272727273 0.08948863636363637 0.6704545454545454 0.12144886363636365 0.6988636363636364 0.16938920454545456 0.7102272727272727
6 0.23970170454545456 0.6818181818181818 0.25568181818181823 0.6193181818181818 0.2428977272727273 0.5482954545454546 0.2205255681818182 0.4772727272727273 0.19655539772727273 0.4147727272727273 0.16938920454545456 0.3806818181818182 0.1374289772727273 0.45454545454545453 0.1374289772727273 0.4914772727272727 0.17578125000000003 0.5397727272727273 0.20134943181818182 0.5909090909090909 0.21253551136363635 0.6619318181818182
6 0.2780539772727273 0.8295454545454546 0.2892400568181818 0.7727272727272727 0.2652698863636364 0.6931818181818182 0.25568181818181823 0.6505681818181818 0.22691761363636365 0.7017045454545454 0.21892755681818182 0.7556818181818182 0.21892755681818182 0.7926136363636364 0.22691761363636365 0.8181818181818182 0.24449573863636367 0.8352272727272727
6 0.2381036931818182 0.8892045454545454 0.2540838068181818 0.9346590909090909 0.2748579545454546 0.9573863636363636 0.30202414772727276 0.9659090909090909 0.31960227272727276 0.9573863636363636 0.3212002840909091 0.9034090909090909 0.32279829545454547 0.8693181818181818 0.29723011363636365 0.7897727272727273 0.28444602272727276 0.8295454545454546 0.2716619318181818 0.8522727272727273 0.24609375000000003 0.8465909090909091
6 0.32919034090909094 0.8920454545454546 0.36434659090909094 0.8664772727272727 0.39950284090909094 0.8323863636363636 0.4122869318181819 0.8011363636363636 0.4058948863636364 0.7642045454545454 0.3771306818181819 0.7329545454545454 0.3387784090909091 0.7215909090909091 0.30202414772727276 0.7244318181818182 0.28764204545454547 0.7244318181818182 0.3100142045454546 0.7613636363636364 0.31161221590909094 0.8039772727272727 0.3259943181818182 0.8380681818181818
6 0.3915127840909091 0.9829545454545454 0.4250710227272727 0.9573863636363636 0.4442471590909091 0.9318181818181818 0.43785511363636365 0.8948863636363636 0.4058948863636364 0.8494318181818182 0.38192471590909094 0.8551136363636364 0.34676846590909094 0.9034090909090909 0.33238636363636365 0.90625 0.32279829545454547 0.9659090909090909 0.32919034090909094 0.9829545454545454 0.3547585227272727 0.9801136363636364
6 0.5177556818181819 0.9772727272727273 0.5433238636363636 0.9545454545454546 0.5625000000000001 0.9090909090909091 0.5720880681818182 0.875 0.5609019886363636 0.8409090909090909 0.5241477272727273 0.8181818181818182 0.4841974431818182 0.8039772727272727 0.47460937500000006 0.84375 0.45703125000000006 0.9034090909090909 0.4666193181818182 0.9289772727272727 0.49218750000000006 0.9488636363636364
6 0.6248224431818182 0.8011363636363636 0.6280184659090909 0.7585227272727273 0.6040482954545455 0.6988636363636364 0.5704900568181819 0.6392045454545454 0.5433238636363636 0.6022727272727273 0.5001775568181819 0.5738636363636364 0.4857954545454546 0.5795454545454546 0.4953835227272727 0.6590909090909091 0.4969815340909091 0.71875 0.5113636363636365 0.7386363636363636 0.5385298295454546 0.7727272727272727 0.5720880681818182 0.7869318181818182 0.6072443181818182 0.8011363636363636
6 0.42027698863636365 0.3693181818181818 0.4234730113636364 0.3125 0.3787286931818182 0.2556818181818182 0.32919034090909094 0.22727272727272727 0.3100142045454546 0.23579545454545456 0.3263139204545455 0.29375000000000007 0.3307883522727273 0.3096590909090909 0.3307883522727273 0.3721590909090909 0.32749832887700525 0.3955548128342246 0.3259943181818182 0.40625 0.34676846590909094 0.42329545454545453 0.3835227272727273 0.4034090909090909 0.4058948863636364 0.3977272727272727
6 0.4266690340909091 0.38920454545454547 0.47301136363636365 0.3778409090909091 0.5145596590909092 0.3835227272727273 0.5513139204545455 0.4403409090909091 0.5752840909090909 0.48011363636363635 0.5992542613636365 0.5397727272727273 0.6024502840909092 0.6107954545454546 0.5720880681818182 0.6164772727272727 0.52734375 0.5454545454545454 0.48899147727272735 0.5454545454545454 0.4442471590909091 0.5170454545454546 0.4314630681818182 0.4630681818181818
6 0.5976562500000001 0.4289772727272727 0.6232244318181819 0.4346590909090909 0.6535866477272728 0.4346590909090909 0.6887428977272728 0.5 0.7111150568181819 0.5511363636363636 0.7414772727272728 0.5965909090909091 0.7606534090909092 0.6335227272727273 0.7350852272727273 0.6931818181818182 0.6775568181818182 0.6875 0.6392045454545455 0.625 0.6072443181818182 0.5340909090909091 0.5976562500000001 0.48295454545454547
6 0.8293678977272728 0.75 0.8309659090909092 0.7159090909090909 0.7958096590909092 0.6761363636363636 0.7638494318181819 0.6818181818181818 0.7254971590909092 0.7102272727272727 0.6567826704545454 0.6960227272727273 0.6583806818181819 0.7585227272727273 0.6855468750000001 0.7840909090909091 0.7254971590909092 0.7954545454545454 0.7814275568181819 0.7784090909090909 0.8149857954545454 0.7698863636363636
6 0.8357599431818182 0.3977272727272727 0.8437500000000001 0.3096590909090909 0.8261718750000001 0.2528409090909091 0.7766335227272728 0.19886363636363635 0.7207031250000001 0.17613636363636365 0.6903409090909092 0.2840909090909091 0.7223011363636364 0.3380681818181818 0.7414772727272728 0.3693181818181818 0.7894176136363638 0.4005681818181818 0.8149857954545454 0.4034090909090909
6 0.8197798295454546 0.42045454545454547 0.8501420454545454 0.4715909090909091 0.9204545454545454 0.48011363636363635 0.9875710227272728 0.4744318181818182 0.997159090909091 0.3977272727272727 0.9779829545454547 0.375 0.9140625000000001 0.33238636363636365 0.8597301136363638 0.3352272727272727 0.8437500000000001 0.36079545454545453
6 0.9779829545454547 0.6448863636363636 0.9747869318181819 0.5795454545454546 0.9492187500000001 0.5369318181818182 0.9284446022727273 0.4971590909090909 0.8006036931818182 0.4431818181818182 0.7430752840909092 0.4318181818181818 0.7398792613636364 0.5340909090909091 0.7414772727272728 0.5767045454545454 0.7734375000000001 0.5965909090909091 0.8181818181818182 0.5965909090909091 0.8693181818181819 0.6306818181818182 0.9012784090909092 0.6534090909090909 0.9380326704545454 0.6363636363636364
6 0.6759588068181819 0.9261363636363636 0.6903409090909092 0.8806818181818182 0.6807528409090909 0.8096590909090909 0.6503906250000001 0.7784090909090909 0.5832741477272728 0.8295454545454546 0.5864701704545455 0.8693181818181818 0.5928622159090909 0.8977272727272727 0.6328125000000001 0.90625
6 0.5561079545454546 0.32670454545454547 0.5816761363636365 0.33238636363636365 0.6104403409090909 0.3522727272727273 0.6296164772727273 0.3806818181818182 0.6392045454545455 0.4147727272727273 0.5720880681818182 0.4375 0.5465198863636365 0.375
6 0.31640625000000006 0.39204545454545453 0.2652698863636364 0.34375 0.23650568181818182 0.2727272727272727 0.2253196022727273 0.20738636363636365 0.21732954545454547 0.14204545454545456 0.25248579545454547 0.07670454545454546 0.2716619318181818 0.11079545454545454 0.29083806818181823 0.20454545454545456
6 0.31960227272727276 0.1903409090909091 0.3547585227272727 0.1590909090909091 0.36434659090909094 0.10227272727272728 0.3595525568181819 0.03977272727272727 0.35156250000000006 0.014204545454545454 0.2780539772727273 0.014204545454545454 0.2652698863636364 0.017045454545454544 0.2684659090909091 0.07954545454545454 0.2892400568181818 0.14204545454545456
6 0.6008522727272728 0.017045454545454544 0.4650213068181819 0.014204545454545454 0.3771306818181819 0.03977272727272727 0.3771306818181819 0.14772727272727273 0.4090909090909091 0.14204545454545456 0.4602272727272727 0.11931818181818182 0.4857954545454546 0.13068181818181818 0.5257457386363636 0.10795454545454546 0.5433238636363636 0.08238636363636363 0.5656960227272728 0.05113636363636364
6 0.6184303977272728 0.1875 0.5880681818181819 0.11931818181818182 0.5433238636363636 0.11079545454545454 0.4682173295454546 0.14488636363636365 0.4634232954545455 0.23579545454545456 0.5145596590909092 0.23579545454545456 0.5736860795454546 0.22727272727272727 0.6024502840909092 0.20738636363636365
6 0.6296164772727273 0.07954545454545454 0.6455965909090909 0.05397727272727273 0.6775568181818182 0.017045454545454544 0.6935369318181819 0.005681818181818182 0.7398792613636364 0.0 0.7718394886363638 0.011363636363636364 0.8117897727272728 0.022727272727272728 0.8469460227272728 0.02556818181818182 0.8373579545454546 0.09943181818181818 0.8053977272727273 0.1278409090909091 0.7398792613636364 0.125 0.6887428977272728 0.125 0.6408025568181819 0.11931818181818182
6 0.9907670454545454 0.07954545454545454 0.9476207386363638 0.05397727272727273 0.9044744318181819 0.08522727272727272 0.8725142045454546 0.125 0.8837002840909092 0.17329545454545456 0.9300426136363638 0.1846590909090909 0.9651988636363638 0.1875 0.9907670454545454 0.1590909090909091
6 0.8661221590909092 0.17613636363636365 0.9140625000000001 0.19318181818181818 0.9156605113636364 0.23295454545454544 0.9028764204545454 0.29261363636363635 0.856534090909091 0.30113636363636365 0.8469460227272728 0.24431818181818182
6 0.2157315340909091 0.3380681818181818 0.16938920454545456 0.3380681818181818 0.11665482954545454 0.3068181818181818 0.09588068181818182 0.23295454545454544 0.10866477272727273 0.16477272727272727 0.1629971590909091 0.1534090909090909 0.1725852272727273 0.09659090909090909 0.18856534090909094 0.17613636363636365 0.21732954545454547 0.2215909090909091 0.22372159090909094 0.28125
