6 0.20134943181818182 0.7784090909090909 0.1629971590909091 0.7613636363636364 0.12464488636363638 0.7017045454545454 0.08469460227272728 0.6392045454545454 0.06392045454545456 0.6079545454545454 0.09108664772727273 0.48579545454545453 0.13103693181818182 0.4772727272727273 0.15660511363636365 0.5255681818181818 0.16938920454545456 0.5965909090909091 0.1901633522727273 0.6363636363636364 0.1981534090909091 0.6931818181818182
6 0.22691761363636365 0.7215909090909091 0.25248579545454547 0.6761363636363636 0.2428977272727273 0.5767045454545454 0.21732954545454547 0.48863636363636365 0.1901633522727273 0.4005681818181818 0.14222301136363638 0.39204545454545453 0.09907670454545454 0.42613636363636365 0.1502130681818182 0.48863636363636365 0.16619318181818182 0.5397727272727273 0.17418323863636365 0.5738636363636364 0.18217329545454547 0.6107954545454546
6 0.1981534090909091 0.8011363636363636 0.21732954545454547 0.8607954545454546 0.26207386363636365 0.8806818181818182 0.28764204545454547 0.8863636363636364 0.30202414772727276 0.8693181818181818 0.29723011363636365 0.7982954545454546 0.28764204545454547 0.7443181818181818 0.2652698863636364 0.7045454545454546 0.25248579545454547 0.6988636363636364 0.23011363636363635 0.7386363636363636
6 0.22372159090909094 0.8920454545454546 0.2428977272727273 0.9318181818181818 0.2572798295454546 0.9545454545454546 0.27645596590909094 0.9772727272727273 0.3004261363636364 0.9886363636363636 0.3483664772727273 0.9829545454545454 0.35156250000000006 0.9403409090909091 0.3435724431818182 0.8778409090909091 0.33238636363636365 0.8409090909090909 0.3068181818181818 0.7954545454545454 0.3100142045454546 0.8636363636363636 0.28125000000000006 0.8948863636363636
6 0.3451704545454546 0.8409090909090909 0.38192471590909094 0.8323863636363636 0.4058948863636364 0.8409090909090909 0.4282670454545455 0.8636363636363636 0.4410511363636364 0.8977272727272727 0.4298650568181819 0.9318181818181818 0.4058948863636364 0.9659090909090909 0.3771306818181819 0.9801136363636364 0.3595525568181819 0.9375 0.35156250000000006 0.8835227272727273
6 0.3899147727272727 0.8238636363636364 0.4138849431818182 0.8125 0.4282670454545455 0.7670454545454546 0.4186789772727273 0.7301136363636364 0.3723366477272727 0.6988636363636364 0.3275923295454546 0.6960227272727273 0.3004261363636364 0.6988636363636364 0.28125000000000006 0.6960227272727273 0.30202414772727276 0.7698863636363636 0.3212002840909091 0.8039772727272727 0.3387784090909091 0.8210227272727273
6 0.47460937500000006 0.9602272727272727 0.48739346590909094 0.9261363636363636 0.48739346590909094 0.8693181818181818 0.4778053977272727 0.8068181818181818 0.4682173295454546 0.7215909090909091 0.4538352272727273 0.6647727272727273 0.4090909090909091 0.6136363636363636 0.3979048295454546 0.6931818181818182 0.4250710227272727 0.7159090909090909 0.4330610795454546 0.7897727272727273 0.4186789772727273 0.8352272727272727 0.43785511363636365 0.8636363636363636 0.4410511363636364 0.9204545454545454 0.4506392045454546 0.9545454545454546
6 0.5209517045454546 0.9488636363636364 0.5465198863636365 0.9204545454545454 0.5625000000000001 0.875 0.5625000000000001 0.8323863636363636 0.5401278409090909 0.8096590909090909 0.49218750000000006 0.7869318181818182 0.4857954545454546 0.7982954545454546 0.4953835227272727 0.875 0.5049715909090909 0.9318181818181818
6 0.6088423295454546 0.8380681818181818 0.6136363636363636 0.7698863636363636 0.5912642045454546 0.6988636363636364 0.5625000000000001 0.6392045454545454 0.5257457386363636 0.5738636363636364 0.4778053977272727 0.5653409090909091 0.4794034090909091 0.6477272727272727 0.5113636363636365 0.7159090909090909 0.5225497159090909 0.7670454545454546 0.5369318181818182 0.7982954545454546
6 0.8149857954545454 0.7357954545454546 0.8022017045454546 0.6931818181818182 0.7766335227272728 0.6590909090909091 0.7270951704545454 0.6448863636363636 0.6711647727272728 0.6420454545454546 0.6296164772727273 0.6136363636363636 0.5992542613636365 0.6079545454545454 0.5848721590909092 0.6534090909090909 0.6120383522727273 0.7102272727272727 0.6439985795454546 0.7642045454545454 0.6983309659090909 0.7670454545454546 0.7414772727272728 0.7727272727272727 0.7718394886363638 0.7670454545454546 0.7926136363636364 0.7528409090909091
6 0.21093750000000003 0.4034090909090909 0.17098721590909094 0.36079545454545453 0.11985085227272728 0.3181818181818182 0.12464488636363638 0.23579545454545456 0.14062500000000003 0.15625 0.16619318181818182 0.08522727272727272 0.1981534090909091 0.16193181818181818 0.21892755681818182 0.23579545454545456 0.23490767045454547 0.32954545454545453 0.2253196022727273 0.3778409090909091
6 0.33238636363636365 0.42613636363636365 0.3387784090909091 0.3721590909090909 0.32279829545454547 0.3125 0.29083806818181823 0.25 0.2652698863636364 0.19886363636363635 0.2540838068181818 0.13636363636363635 0.22372159090909094 0.14204545454545456 0.21413352272727276 0.16761363636363635 0.23970170454545456 0.30113636363636365 0.2428977272727273 0.3806818181818182 0.28444602272727276 0.4090909090909091
6 0.5497159090909092 0.3806818181818182 0.6072443181818182 0.38920454545454547 0.6408025568181819 0.46875 0.6839488636363638 0.5369318181818182 0.7111150568181819 0.6051136363636364 0.6711647727272728 0.6221590909090909 0.6104403409090909 0.5909090909090909 0.5816761363636365 0.5823863636363636 0.5640980113636365 0.5056818181818182 0.5529119318181819 0.4460227272727273
6 0.3963068181818182 0.4147727272727273 0.4058948863636364 0.3522727272727273 0.3835227272727273 0.2897727272727273 0.36754261363636365 0.26704545454545453 0.3259943181818182 0.2528409090909091 0.30841619318181823 0.2471590909090909 0.3355823863636364 0.3039772727272727 0.3419744318181819 0.3721590909090909 0.3387784090909091 0.4289772727272727 0.3707386363636364 0.44886363636363635
6 0.7286931818181819 0.19318181818181818 0.6999289772727273 0.2556818181818182 0.6487926136363636 0.3068181818181818 0.5864701704545455 0.3068181818181818 0.5433238636363636 0.3068181818181818 0.5593039772727273 0.22727272727272727 0.5864701704545455 0.23295454545454544 0.6200284090909092 0.18181818181818182 0.6647727272727273 0.14772727272727273 0.7015269886363638 0.16477272727272727
6 0.7990056818181819 0.4090909090909091 0.8197798295454546 0.3693181818181818 0.8181818181818182 0.3125 0.8053977272727273 0.2585227272727273 0.7718394886363638 0.21022727272727273 0.7382812500000001 0.17329545454545456 0.7207031250000001 0.23863636363636365 0.6807528409090909 0.28125 0.6967329545454546 0.32386363636363635 0.7127130681818182 0.3721590909090909 0.7302911931818182 0.39488636363636365 0.7638494318181819 0.39204545454545453
6 0.8006036931818182 0.4346590909090909 0.8293678977272728 0.4659090909090909 0.8805042613636364 0.45454545454545453 0.9236505681818182 0.42613636363636365 0.9492187500000001 0.3977272727272727 0.9763849431818182 0.4147727272727273 0.962002840909091 0.35795454545454547 0.9156605113636364 0.3068181818181818 0.891690340909091 0.26420454545454547 0.856534090909091 0.3125 0.8229758522727273 0.3494318181818182
6 0.9859730113636364 0.6335227272727273 0.9252485795454546 0.6420454545454546 0.8549360795454546 0.6278409090909091 0.8149857954545454 0.5852272727272727 0.7750355113636364 0.5397727272727273 0.7526633522727273 0.5369318181818182 0.7622514204545454 0.4715909090909091 0.7798295454545454 0.42613636363636365 0.8101917613636364 0.46875 0.8884943181818182 0.4602272727272727 0.9140625000000001 0.48295454545454547 0.9508167613636364 0.5284090909090909 0.9731889204545454 0.5738636363636364
6 0.8405539772727273 0.12215909090909091 0.8437500000000001 0.1846590909090909 0.8501420454545454 0.24431818181818182 0.8373579545454546 0.3125 0.8006036931818182 0.20454545454545456 0.7846235795454546 0.17613636363636365 0.7958096590909092 0.125 0.8101917613636364 0.11647727272727272
6 0.8709161931818182 0.2784090909090909 0.9012784090909092 0.24147727272727273 0.9060724431818182 0.1875 0.9044744318181819 0.13068181818181818 0.8852982954545454 0.11931818181818182 0.8629261363636364 0.11079545454545454 0.856534090909091 0.17613636363636365 0.856534090909091 0.23579545454545456
6 0.35795454545454547 0.14772727272727273 0.39950284090909094 0.09943181818181818 0.4314630681818182 0.13068181818181818 0.4410511363636364 0.1903409090909091 0.4282670454545455 0.24431818181818182 0.4154829545454546 0.3068181818181818 0.38671875000000006 0.2755681818181818 0.3387784090909091 0.23295454545454544 0.34676846590909094 0.17897727272727273
6 0.6248224431818182 0.11363636363636363 0.6264204545454546 0.05965909090909091 0.6599786931818182 0.03977272727272727 0.7111150568181819 0.03977272727272727 0.7606534090909092 0.056818181818181816 0.7974076704545454 0.05965909090909091 0.8213778409090909 0.09659090909090909 0.7638494318181819 0.14772727272727273 0.7191051136363638 0.15625 0.6583806818181819 0.13068181818181818
