3 0.3803267045454546 0.5568181818181818 0.3547585227272727 0.5170454545454546 0.31480823863636365 0.4659090909090909 0.23650568181818182 0.4431818181818182 0.17737926136363635 0.42045454545454547 0.044744318181818184 0.36363636363636365 0.15980113636363638 0.4431818181818182 0.14062500000000003 0.4744318181818182 0.09747869318181818 0.48295454545454547 0.06072443181818182 0.4659090909090909 0.044744318181818184 0.5340909090909091 0.05113636363636364 0.5681818181818182 0.12464488636363638 0.5681818181818182 0.15980113636363638 0.6022727272727273 0.20134943181818182 0.6392045454545454 0.21732954545454547 0.6590909090909091 0.06551846590909091 0.6363636363636364 0.0751065340909091 0.6732954545454546 0.1550071022727273 0.6846590909090909 0.2205255681818182 0.6818181818181818 0.27006392045454547 0.6761363636363636 0.3132102272727273 0.6534090909090909 0.34996448863636365 0.6051136363636364
3 0.4250710227272727 0.7585227272727273 0.4969815340909091 0.7017045454545454 0.5385298295454546 0.6789772727272727 0.6264204545454546 0.6590909090909091 0.6983309659090909 0.6619318181818182 0.7254971590909092 0.6789772727272727 0.6839488636363638 0.6988636363636364 0.6727627840909092 0.71875 0.7047230113636364 0.7386363636363636 0.7398792613636364 0.7272727272727273 0.7718394886363638 0.7159090909090909 0.7990056818181819 0.71875 0.8069957386363638 0.7869318181818182 0.8022017045454546 0.8494318181818182 0.7670454545454546 0.8693181818181818 0.7095170454545454 0.8267045454545454 0.6519886363636364 0.8863636363636364 0.6024502840909092 0.8920454545454546 0.7191051136363638 0.9630681818181818 0.6903409090909092 0.9857954545454546 0.5976562500000001 0.9517045454545454 0.5369318181818182 0.9034090909090909 0.4841974431818182 0.8522727272727273 0.4410511363636364 0.8011363636363636
3 0.9316406250000001 0.3693181818181818 0.9108664772727273 0.3125 0.7990056818181819 0.2471590909090909 0.7638494318181819 0.29545454545454547 0.7191051136363638 0.2869318181818182 0.7063210227272728 0.3409090909090909 0.7223011363636364 0.38920454545454547 0.7446732954545454 0.39488636363636365 0.7958096590909092 0.4318181818181818 0.8053977272727273 0.45170454545454547 0.6839488636363638 0.4375 0.6935369318181819 0.46875 0.7510653409090909 0.48011363636363635 0.8149857954545454 0.4772727272727273 0.8581321022727273 0.4772727272727273 0.8852982954545454 0.4602272727272727 0.9108664772727273 0.42045454545454547
3 0.43465909090909094 0.4460227272727273 0.3835227272727273 0.3465909090909091 0.3212002840909091 0.2897727272727273 0.2540838068181818 0.24147727272727273 0.27325994318181823 0.29545454545454547 0.23970170454545456 0.29545454545454547 0.20454545454545456 0.2471590909090909 0.16938920454545456 0.22727272727272727 0.1502130681818182 0.26988636363636365 0.14701704545454547 0.32386363636363635 0.15660511363636365 0.3522727272727273 0.21093750000000003 0.35795454545454547 0.19176136363636365 0.4034090909090909 0.24928977272727276 0.4375 0.31960227272727276 0.4602272727272727 0.35156250000000006 0.4914772727272727 0.3963068181818182 0.48295454545454547
3 0.9284446022727273 0.6079545454545454 0.8884943181818182 0.5681818181818182 0.8357599431818182 0.5568181818181818 0.7782315340909092 0.5511363636363636 0.7830255681818182 0.5767045454545454 0.7414772727272728 0.5823863636363636 0.7270951704545454 0.5909090909090909 0.7414772727272728 0.6193181818181818 0.7382812500000001 0.6590909090909091 0.7606534090909092 0.65625 0.7958096590909092 0.6704545454545454 0.8245738636363638 0.6903409090909091 0.856534090909091 0.6931818181818182 0.8884943181818182 0.6761363636363636 0.9156605113636364 0.6335227272727273
3 0.6711647727272728 0.46875 0.6376065340909092 0.4289772727272727 0.5944602272727273 0.4090909090909091 0.5720880681818182 0.4034090909090909 0.52734375 0.45454545454545453 0.5033735795454546 0.48295454545454547 0.5656960227272728 0.5284090909090909 0.6008522727272728 0.5340909090909091 0.6328125000000001 0.5113636363636364 0.6551846590909092 0.4914772727272727
3 0.5656960227272728 0.3778409090909091 0.52734375 0.3181818181818182 0.47301136363636365 0.29829545454545453 0.4154829545454546 0.2585227272727273 0.4330610795454546 0.3181818181818182 0.4011008522727273 0.3125 0.3979048295454546 0.3494318181818182 0.41708096590909094 0.38920454545454547 0.4458451704545455 0.45170454545454547 0.4778053977272727 0.45170454545454547 0.5001775568181819 0.45170454545454547 0.5321377840909092 0.42613636363636365
3 0.6535866477272728 0.625 0.6232244318181819 0.5795454545454546 0.5848721590909092 0.5710227272727273 0.5385298295454546 0.5397727272727273 0.5161576704545455 0.6022727272727273 0.5209517045454546 0.6619318181818182 0.5784801136363636 0.6534090909090909 0.6264204545454546 0.6392045454545454
3 0.40429687500000006 0.8210227272727273 0.3803267045454546 0.7272727272727273 0.34037642045454547 0.7017045454545454 0.29403409090909094 0.71875 0.25887784090909094 0.7670454545454546 0.25248579545454547 0.8607954545454546 0.26207386363636365 0.8977272727272727 0.24129971590909094 0.9431818181818182 0.29083806818181823 0.9261363636363636 0.3451704545454546 0.875 0.3803267045454546 0.8607954545454546
3 0.5177556818181819 0.5284090909090909 0.46981534090909094 0.5909090909090909 0.4234730113636364 0.6107954545454546 0.3771306818181819 0.6051136363636364 0.3723366477272727 0.5056818181818182 0.43785511363636365 0.4630681818181818 0.4985795454545455 0.4772727272727273
