6 0.1901633522727273 0.5568181818181818 0.19495738636363635 0.5795454545454546 0.18696732954545456 0.6363636363636364 0.15980113636363638 0.6789772727272727 0.11665482954545454 0.7073863636363636 0.08629261363636365 0.7386363636363636 0.07830255681818182 0.65625 0.08309659090909091 0.5880681818181818 0.10227272727272728 0.5340909090909091 0.1374289772727273 0.5113636363636364 0.16459517045454547 0.5255681818181818
6 0.20454545454545456 0.5653409090909091 0.23011363636363635 0.5795454545454546 0.23970170454545456 0.5340909090909091 0.2253196022727273 0.4375 0.21413352272727276 0.3835227272727273 0.17578125000000003 0.32386363636363635 0.14062500000000003 0.2727272727272727 0.0926846590909091 0.2784090909090909 0.07990056818181819 0.3806818181818182 0.12624289772727273 0.40625 0.09588068181818182 0.4147727272727273 0.14062500000000003 0.4659090909090909 0.15660511363636365 0.5
6 0.22851562500000003 0.6931818181818182 0.24928977272727276 0.7272727272727273 0.27645596590909094 0.7159090909090909 0.2828480113636364 0.6761363636363636 0.2780539772727273 0.6306818181818182 0.26207386363636365 0.5767045454545454 0.24609375000000003 0.53125 0.2205255681818182 0.5965909090909091 0.2205255681818182 0.6448863636363636
6 0.23650568181818182 0.8465909090909091 0.2572798295454546 0.8863636363636364 0.2780539772727273 0.8806818181818182 0.28444602272727276 0.8380681818181818 0.2828480113636364 0.7897727272727273 0.27325994318181823 0.7329545454545454 0.23970170454545456 0.7215909090909091 0.23650568181818182 0.7670454545454546 0.2333096590909091 0.8125
6 0.29083806818181823 0.8551136363636364 0.3307883522727273 0.8636363636363636 0.35156250000000006 0.8664772727272727 0.3787286931818182 0.8295454545454546 0.3963068181818182 0.7897727272727273 0.3707386363636364 0.7556818181818182 0.32919034090909094 0.71875 0.3004261363636364 0.7159090909090909 0.2828480113636364 0.7159090909090909
6 0.3180042613636364 0.9801136363636364 0.3659446022727273 0.9857954545454546 0.39950284090909094 0.9488636363636364 0.42187500000000006 0.9119318181818182 0.4298650568181819 0.875 0.4154829545454546 0.8409090909090909 0.3947088068181819 0.8238636363636364 0.3707386363636364 0.8494318181818182 0.34676846590909094 0.8778409090909091 0.3068181818181818 0.8664772727272727 0.29083806818181823 0.875 0.23970170454545456 0.8806818181818182 0.23970170454545456 0.9431818181818182 0.2428977272727273 0.9744318181818182 0.27006392045454547 0.9772727272727273
6 0.19975142045454547 0.3210227272727273 0.21253551136363635 0.26988636363636365 0.20454545454545456 0.21306818181818182 0.17578125000000003 0.1534090909090909 0.1534090909090909 0.09375 0.14382102272727273 0.17897727272727273 0.1534090909090909 0.22727272727272727 0.16139914772727273 0.2840909090909091
6 0.23171164772727276 0.11363636363636363 0.2428977272727273 0.17329545454545456 0.26207386363636365 0.2159090909090909 0.29403409090909094 0.25 0.3068181818181818 0.24431818181818182 0.31640625000000006 0.21022727272727273 0.32279829545454547 0.1875 0.3132102272727273 0.14204545454545456 0.2924360795454546 0.07670454545454546 0.24769176136363635 0.03977272727272727
6 0.23650568181818182 0.2869318181818182 0.2684659090909091 0.3068181818181818 0.3068181818181818 0.32386363636363635 0.3036221590909091 0.3465909090909091 0.34037642045454547 0.3522727272727273 0.3739346590909091 0.32386363636363635 0.4011008522727273 0.3096590909090909 0.42187500000000006 0.29261363636363635 0.43785511363636365 0.26704545454545453 0.4186789772727273 0.2215909090909091 0.39311079545454547 0.1875 0.3611505681818182 0.15056818181818182 0.32279829545454547 0.13636363636363635 0.33238636363636365 0.19886363636363635 0.32279829545454547 0.23579545454545456 0.29882812500000006 0.26136363636363635 0.27006392045454547 0.24431818181818182
6 0.4058948863636364 0.45738636363636365 0.4282670454545455 0.5056818181818182 0.4458451704545455 0.5397727272727273 0.46981534090909094 0.5596590909090909 0.48899147727272735 0.5426136363636364 0.4825994318181819 0.4971590909090909 0.4762073863636364 0.4431818181818182 0.4586292613636364 0.4119318181818182 0.4410511363636364 0.39204545454545453 0.4186789772727273 0.3721590909090909
6 0.4602272727272727 0.30113636363636365 0.47301136363636365 0.36363636363636365 0.4794034090909091 0.4375 0.4937855113636364 0.5113636363636364 0.5145596590909092 0.5085227272727273 0.5081676136363636 0.4375 0.5145596590909092 0.3693181818181818 0.5145596590909092 0.3125 0.5033735795454546 0.2840909090909091 0.4825994318181819 0.2784090909090909
6 0.4234730113636364 0.11079545454545454 0.4266690340909091 0.16193181818181818 0.4442471590909091 0.22727272727272727 0.45223721590909094 0.2840909090909091 0.4778053977272727 0.26136363636363635 0.47301136363636365 0.1903409090909091 0.4762073863636364 0.13068181818181818 0.4602272727272727 0.10227272727272728
6 0.5209517045454546 0.4460227272727273 0.5369318181818182 0.5085227272727273 0.5736860795454546 0.53125 0.6104403409090909 0.5511363636363636 0.6535866477272728 0.5625 0.6727627840909092 0.5596590909090909 0.6615767045454546 0.4943181818181818 0.6983309659090909 0.45454545454545453 0.7270951704545454 0.42045454545454547 0.6839488636363638 0.4034090909090909 0.6376065340909092 0.375 0.5944602272727273 0.375 0.5561079545454546 0.3977272727272727
6 0.52734375 0.6420454545454546 0.5017755681818182 0.6306818181818182 0.4762073863636364 0.6505681818181818 0.4602272727272727 0.6818181818181818 0.4666193181818182 0.7727272727272727 0.4778053977272727 0.8125 0.5129616477272728 0.7784090909090909 0.52734375 0.7414772727272727 0.5369318181818182 0.6931818181818182
6 0.4122869318181819 0.7443181818181818 0.43785511363636365 0.7982954545454546 0.45703125000000006 0.7897727272727273 0.45703125000000006 0.6590909090909091 0.43785511363636365 0.5880681818181818 0.41068892045454547 0.5170454545454546 0.3707386363636364 0.5397727272727273 0.38671875000000006 0.6107954545454546 0.39950284090909094 0.6988636363636364
6 0.5784801136363636 0.9034090909090909 0.5609019886363636 0.8607954545454546 0.5257457386363636 0.8238636363636364 0.4794034090909091 0.8181818181818182 0.4538352272727273 0.8210227272727273 0.43465909090909094 0.8465909090909091 0.4602272727272727 0.9005681818181818 0.5081676136363636 0.9403409090909091 0.5225497159090909 0.9715909090909091 0.544921875 0.9545454545454546 0.5656960227272728 0.9261363636363636
6 0.5401278409090909 0.71875 0.5736860795454546 0.7414772727272727 0.6104403409090909 0.7471590909090909 0.6120383522727273 0.7045454545454546 0.6024502840909092 0.6590909090909091 0.5752840909090909 0.6051136363636364 0.5385298295454546 0.5568181818181818 0.5193536931818182 0.53125 0.4953835227272727 0.5227272727272727 0.4825994318181819 0.5795454545454546 0.5081676136363636 0.6022727272727273 0.5369318181818182 0.6619318181818182
6 0.8613281250000001 0.7755681818181818 0.8725142045454546 0.84375 0.9012784090909092 0.8920454545454546 0.926846590909091 0.9488636363636364 0.9651988636363638 0.9857954545454546 0.9811789772727273 0.9602272727272727 0.9811789772727273 0.8778409090909091 0.9636008522727273 0.8011363636363636 0.9811789772727273 0.7613636363636364 0.9683948863636364 0.6875 0.9476207386363638 0.7357954545454546 0.9396306818181819 0.7556818181818182 0.9044744318181819 0.7102272727272727 0.8884943181818182 0.6875 0.856534090909091 0.6789772727272727 0.8405539772727273 0.7215909090909091
6 0.9779829545454547 0.6505681818181818 0.9651988636363638 0.6022727272727273 0.9380326704545454 0.5340909090909091 0.9060724431818182 0.5113636363636364 0.8373579545454546 0.4403409090909091 0.8117897727272728 0.4715909090909091 0.7910156250000001 0.41761363636363635 0.7590553977272728 0.42613636363636365 0.7446732954545454 0.4715909090909091 0.7574573863636364 0.5369318181818182 0.7894176136363638 0.5454545454545454 0.7990056818181819 0.5852272727272727 0.8309659090909092 0.625 0.8725142045454546 0.6392045454545454 0.8996803977272728 0.6732954545454546 0.9412286931818182 0.6761363636363636
6 0.8884943181818182 0.4659090909090909 0.9060724431818182 0.42045454545454547 0.9300426136363638 0.39204545454545453 0.9524147727272728 0.3693181818181818 0.9907670454545454 0.32386363636363635 0.9955610795454547 0.4659090909090909 0.9875710227272728 0.5142045454545454 0.9572088068181819 0.5085227272727273 0.9332386363636364 0.5170454545454546
6 0.6807528409090909 0.5454545454545454 0.6951349431818182 0.6022727272727273 0.7254971590909092 0.6505681818181818 0.7622514204545454 0.6761363636363636 0.8069957386363638 0.6931818181818182 0.8405539772727273 0.6761363636363636 0.8469460227272728 0.6420454545454546 0.7958096590909092 0.6079545454545454 0.7622514204545454 0.5539772727272727 0.7318892045454546 0.5056818181818182 0.7095170454545454 0.48011363636363635 0.6727627840909092 0.4943181818181818
6 0.7175071022727273 0.13636363636363635 0.6967329545454546 0.11363636363636363 0.6487926136363636 0.125 0.6200284090909092 0.1875 0.5896661931818182 0.2784090909090909 0.5928622159090909 0.3522727272727273 0.6312144886363636 0.35795454545454547 0.6583806818181819 0.2840909090909091 0.6679687500000001 0.3352272727272727 0.6855468750000001 0.33238636363636365 0.6759588068181819 0.2897727272727273 0.6855468750000001 0.2556818181818182 0.6999289772727273 0.20738636363636365 0.7175071022727273 0.16477272727272727
6 0.7015269886363638 0.25 0.7510653409090909 0.2784090909090909 0.7894176136363638 0.29545454545454547 0.8181818181818182 0.2840909090909091 0.8341619318181819 0.26136363636363635 0.8213778409090909 0.20454545454545456 0.8022017045454546 0.13068181818181818 0.7766335227272728 0.08522727272727272 0.7446732954545454 0.09659090909090909
6 0.8421519886363638 0.2528409090909091 0.8725142045454546 0.21875 0.891690340909091 0.19886363636363635 0.8757102272727273 0.14204545454545456 0.8533380681818182 0.11931818181818182 0.8149857954545454 0.08806818181818182 0.7990056818181819 0.09659090909090909
6 0.9156605113636364 0.20738636363636365 0.9508167613636364 0.18181818181818182 0.9747869318181819 0.1534090909090909 0.9939630681818182 0.11931818181818182 0.9907670454545454 0.05113636363636364 0.9508167613636364 0.045454545454545456 0.9124644886363638 0.06534090909090909 0.8821022727272728 0.10227272727272728 0.8789062500000001 0.11931818181818182
6 0.6200284090909092 0.90625 0.6647727272727273 0.8522727272727273 0.7047230113636364 0.84375 0.7286931818181819 0.875 0.7159090909090909 0.9431818181818182 0.7159090909090909 0.9715909090909091 0.6871448863636364 0.9488636363636364 0.6487926136363636 0.9204545454545454
