6 0.14062500000000003 0.9431818181818182 0.10387073863636365 0.9119318181818182 0.044744318181818184 0.9090909090909091 0.03675426136363637 0.9659090909090909 0.06072443181818182 0.9829545454545454 0.09907670454545454 0.9886363636363636 0.12464488636363638 0.9857954545454546
6 0.19655539772727273 0.6107954545454546 0.16619318181818182 0.6931818181818182 0.11186079545454547 0.7073863636363636 0.07990056818181819 0.7244318181818182 0.07350852272727273 0.6136363636363636 0.08309659090909091 0.5340909090909091 0.1326349431818182 0.5284090909090909 0.1629971590909091 0.5454545454545454
6 0.11505681818181818 0.4602272727272727 0.12304687500000001 0.3409090909090909 0.16459517045454547 0.32386363636363635 0.20134943181818182 0.3806818181818182 0.23650568181818182 0.4772727272727273 0.24609375000000003 0.5511363636363636 0.2333096590909091 0.5909090909090909 0.20454545454545456 0.5965909090909091 0.17578125000000003 0.5511363636363636 0.1534090909090909 0.48295454545454547
6 0.19975142045454547 0.6107954545454546 0.19176136363636365 0.6590909090909091 0.21093750000000003 0.7045454545454546 0.2381036931818182 0.7613636363636364 0.2652698863636364 0.7528409090909091 0.27325994318181823 0.7386363636363636 0.2828480113636364 0.6988636363636364 0.27325994318181823 0.6477272727272727 0.26207386363636365 0.5909090909090909 0.25248579545454547 0.5625 0.23650568181818182 0.5994318181818182
6 0.1853693181818182 0.7017045454545454 0.1981534090909091 0.7784090909090909 0.2205255681818182 0.8323863636363636 0.23650568181818182 0.9005681818181818 0.2652698863636364 0.9346590909090909 0.27084571678321684 0.9341083916083917 0.29403409090909094 0.9318181818181818 0.29882812500000006 0.9034090909090909 0.3068181818181818 0.8607954545454546 0.29403409090909094 0.8210227272727273 0.27965198863636365 0.75 0.24928977272727276 0.7670454545454546 0.21732954545454547 0.7386363636363636
6 0.3132102272727273 0.8693181818181818 0.3483664772727273 0.8693181818181818 0.3835227272727273 0.8409090909090909 0.3947088068181819 0.8011363636363636 0.38192471590909094 0.7556818181818182 0.35156250000000006 0.7386363636363636 0.30522017045454547 0.7159090909090909 0.27965198863636365 0.7329545454545454
6 0.3835227272727273 0.9829545454545454 0.4330610795454546 0.9147727272727273 0.4362571022727273 0.8693181818181818 0.3963068181818182 0.8267045454545454 0.3659446022727273 0.8693181818181818 0.31960227272727276 0.8977272727272727 0.2716619318181818 0.9801136363636364 0.3212002840909091 0.9772727272727273
6 0.4362571022727273 0.8409090909090909 0.4666193181818182 0.8267045454545454 0.5033735795454546 0.8125 0.5337357954545455 0.8352272727272727 0.5656960227272728 0.8664772727272727 0.5768821022727273 0.9090909090909091 0.5497159090909092 0.9517045454545454 0.5225497159090909 0.9659090909090909 0.4841974431818182 0.9318181818181818 0.4410511363636364 0.90625
6 0.4330610795454546 0.3181818181818182 0.4090909090909091 0.2585227272727273 0.38192471590909094 0.19318181818181818 0.3212002840909091 0.1590909090909091 0.3208233946183534 0.17450150085763294 0.31960227272727276 0.22443181818181818 0.3068181818181818 0.3068181818181818 0.27006392045454547 0.33238636363636365 0.3355823863636364 0.3465909090909091 0.3627485795454546 0.36363636363636365 0.4090909090909091 0.35511363636363635
6 0.25248579545454547 0.23295454545454544 0.27965198863636365 0.2755681818181818 0.29882812500000006 0.29261363636363635 0.31480823863636365 0.16761363636363635 0.29083806818181823 0.10795454545454546 0.28125000000000006 0.05397727272727273 0.2253196022727273 0.05397727272727273 0.24129971590909094 0.1278409090909091
6 0.4666193181818182 0.8039772727272727 0.5081676136363636 0.78125 0.5209517045454546 0.7301136363636364 0.5289417613636365 0.6534090909090909 0.52734375 0.6079545454545454 0.49218750000000006 0.5909090909090909 0.4618252840909091 0.6193181818181818 0.45703125000000006 0.6590909090909091 0.4634232954545455 0.7159090909090909
6 0.5305397727272728 0.7386363636363636 0.5577059659090909 0.7642045454545454 0.5960582386363636 0.7755681818181818 0.6184303977272728 0.7613636363636364 0.6120383522727273 0.6875 0.5912642045454546 0.6590909090909091 0.5433238636363636 0.5909090909090909 0.5401278409090909 0.6221590909090909
6 0.5832741477272728 0.9204545454545454 0.6136363636363636 0.9261363636363636 0.6519886363636364 0.9261363636363636 0.6775568181818182 0.9488636363636364 0.6983309659090909 0.9772727272727273 0.6775568181818182 0.9943181818181818 0.5928622159090909 0.9857954545454546 0.544921875 0.9715909090909091
6 0.5880681818181819 0.8778409090909091 0.6264204545454546 0.84375 0.6631747159090909 0.8267045454545454 0.6951349431818182 0.8352272727272727 0.7159090909090909 0.8607954545454546 0.7143110795454546 0.9176136363636364 0.7063210227272728 0.9545454545454546 0.6679687500000001 0.9119318181818182 0.6296164772727273 0.8948863636363636
6 0.6424005681818182 0.6392045454545454 0.6424005681818182 0.6988636363636364 0.6615767045454546 0.7130681818181818 0.7159090909090909 0.7443181818181818 0.7398792613636364 0.7698863636363636 0.7750355113636364 0.7755681818181818 0.8181818181818182 0.78125 0.8469460227272728 0.7784090909090909 0.8469460227272728 0.7357954545454546 0.8325639204545454 0.6761363636363636 0.7990056818181819 0.6875 0.7270951704545454 0.6761363636363636 0.6855468750000001 0.6590909090909091
6 0.6360085227272728 0.5 0.6551846590909092 0.5511363636363636 0.6695667613636364 0.5965909090909091 0.6935369318181819 0.6420454545454546 0.7334872159090909 0.6534090909090909 0.8053977272727273 0.6676136363636364 0.8501420454545454 0.6590909090909091 0.8085937500000001 0.6221590909090909 0.7638494318181819 0.5710227272727273 0.7191051136363638 0.5056818181818182 0.6887428977272728 0.46875
6 0.7366832386363638 0.4943181818181818 0.7590553977272728 0.4659090909090909 0.7830255681818182 0.4403409090909091 0.7990056818181819 0.48295454545454547 0.8309659090909092 0.4375 0.8581321022727273 0.4602272727272727 0.8884943181818182 0.5 0.9348366477272728 0.5426136363636364 0.9572088068181819 0.5880681818181818 0.979580965909091 0.6392045454545454 0.9715909090909092 0.6647727272727273 0.9492187500000001 0.6761363636363636 0.9140625000000001 0.6761363636363636 0.8821022727272728 0.6590909090909091 0.8373579545454546 0.6335227272727273 0.7958096590909092 0.5795454545454546 0.7670454545454546 0.5454545454545454
6 0.8693181818181819 0.45170454545454547 0.8900923295454546 0.3977272727272727 0.9380326704545454 0.35511363636363635 0.9747869318181819 0.32386363636363635 0.9923650568181819 0.3125 0.9939630681818182 0.5 0.9636008522727273 0.5085227272727273 0.9236505681818182 0.5056818181818182 0.8884943181818182 0.4914772727272727
6 0.4762073863636364 0.4318181818181818 0.5129616477272728 0.39204545454545453 0.5465198863636365 0.3806818181818182 0.5880681818181819 0.3806818181818182 0.6487926136363636 0.375 0.6999289772727273 0.4289772727272727 0.6280184659090909 0.48579545454545453 0.6248224431818182 0.5426136363636364 0.5529119318181819 0.5369318181818182 0.5113636363636365 0.48295454545454547
6 0.5848721590909092 0.24147727272727273 0.6104403409090909 0.2159090909090909 0.6216264204545455 0.20454545454545456 0.5912642045454546 0.13920454545454544 0.5497159090909092 0.10511363636363637 0.5017755681818182 0.10227272727272728 0.47460937500000006 0.13636363636363635 0.4634232954545455 0.23863636363636365 0.5289417613636365 0.24431818181818182
6 0.6328125000000001 0.32670454545454547 0.6743607954545454 0.2869318181818182 0.7063210227272728 0.24147727272727273 0.7334872159090909 0.15056818181818182 0.7063210227272728 0.125 0.6487926136363636 0.14204545454545456 0.6248224431818182 0.1875 0.6024502840909092 0.25 0.5625000000000001 0.26704545454545453 0.5832741477272728 0.3409090909090909
6 0.7207031250000001 0.2471590909090909 0.7446732954545454 0.30113636363636365 0.7894176136363638 0.3210227272727273 0.8245738636363638 0.32954545454545453 0.8389559659090909 0.32386363636363635 0.8453480113636364 0.23863636363636365 0.8245738636363638 0.1846590909090909 0.8022017045454546 0.1278409090909091 0.7766335227272728 0.10795454545454546 0.7334872159090909 0.10795454545454546 0.7366832386363638 0.17613636363636365
6 0.8597301136363638 0.2585227272727273 0.8900923295454546 0.2215909090909091 0.8948863636363638 0.1875 0.874112215909091 0.13636363636363635 0.8309659090909092 0.11079545454545454 0.8101917613636364 0.10795454545454546
6 0.9044744318181819 0.22443181818181818 0.9428267045454546 0.21022727272727273 0.979580965909091 0.1846590909090909 0.9923650568181819 0.16477272727272727 0.9923650568181819 0.045454545454545456 0.9412286931818182 0.056818181818181816 0.8900923295454546 0.10227272727272728 0.8821022727272728 0.125
6 0.1502130681818182 0.11931818181818182 0.15980113636363638 0.21875 0.15660511363636365 0.2897727272727273 0.18217329545454547 0.3181818181818182 0.20454545454545456 0.3181818181818182 0.21732954545454547 0.2727272727272727 0.21093750000000003 0.21306818181818182 0.1853693181818182 0.13068181818181818
6 0.7350852272727273 0.7840909090909091 0.7238991477272728 0.8551136363636364 0.7398792613636364 0.9090909090909091 0.7718394886363636 0.9460227272727273 0.7926136363636364 0.9034090909090909 0.8022017045454546 0.8579545454545454 0.7894176136363638 0.7954545454545454
