6 0.19655539772727273 0.5710227272727273 0.18696732954545456 0.625 0.16938920454545456 0.6477272727272727 0.14701704545454547 0.6875 0.09108664772727273 0.7102272727272727 0.08309659090909091 0.65625 0.08948863636363637 0.5909090909090909 0.0926846590909091 0.5568181818181818 0.11825284090909091 0.53125 0.14062500000000003 0.5198863636363636 0.1629971590909091 0.5284090909090909
6 0.2253196022727273 0.5625 0.23171164772727276 0.4715909090909091 0.2157315340909091 0.3977272727272727 0.1805752840909091 0.32386363636363635 0.1550071022727273 0.28125 0.11345880681818182 0.2897727272727273 0.08789062500000001 0.35795454545454547 0.11505681818181818 0.3835227272727273 0.09108664772727273 0.4119318181818182 0.12464488636363638 0.4375 0.1502130681818182 0.48579545454545453 0.1629971590909091 0.5227272727272727
6 0.2684659090909091 0.7017045454545454 0.28125000000000006 0.6505681818181818 0.2652698863636364 0.5767045454545454 0.24609375000000003 0.5284090909090909 0.2381036931818182 0.5085227272727273 0.23171164772727276 0.5681818181818182 0.2077414772727273 0.5681818181818182 0.1981534090909091 0.6278409090909091 0.22691761363636365 0.6789772727272727 0.24449573863636367 0.7017045454545454
6 0.2748579545454546 0.8835227272727273 0.28764204545454547 0.8323863636363636 0.28125000000000006 0.7642045454545454 0.2748579545454546 0.7102272727272727 0.22691761363636365 0.7102272727272727 0.1981534090909091 0.6818181818181818 0.18217329545454547 0.6988636363636364 0.22212357954545456 0.7840909090909091 0.2333096590909091 0.8352272727272727 0.23970170454545456 0.8806818181818182 0.26207386363636365 0.9034090909090909
6 0.3915127840909091 0.7982954545454546 0.36754261363636365 0.7528409090909091 0.32279829545454547 0.7215909090909091 0.29083806818181823 0.7159090909090909 0.28764204545454547 0.7585227272727273 0.29723011363636365 0.8267045454545454 0.29083806818181823 0.8465909090909091 0.3212002840909091 0.8664772727272727 0.3435724431818182 0.8636363636363636 0.36754261363636365 0.8551136363636364 0.3771306818181819 0.8295454545454546
6 0.4362571022727273 0.8778409090909091 0.40429687500000006 0.8409090909090909 0.3899147727272727 0.8267045454545454 0.3435724431818182 0.875 0.3004261363636364 0.8693181818181818 0.2780539772727273 0.8948863636363636 0.2333096590909091 0.8920454545454546 0.2381036931818182 0.9602272727272727 0.26207386363636365 0.9715909090909091 0.2748579545454546 0.9715909090909091 0.3036221590909091 0.9857954545454546 0.3259943181818182 0.9772727272727273 0.3611505681818182 0.96875 0.38192471590909094 0.9659090909090909 0.4011008522727273 0.9460227272727273 0.4234730113636364 0.9204545454545454
6 0.4602272727272727 0.7528409090909091 0.4442471590909091 0.7897727272727273 0.4186789772727273 0.7727272727272727 0.4058948863636364 0.7272727272727273 0.40269886363636365 0.6590909090909091 0.3963068181818182 0.6079545454545454 0.36434659090909094 0.5596590909090909 0.3483664772727273 0.53125 0.39950284090909094 0.4744318181818182 0.4186789772727273 0.5170454545454546 0.4314630681818182 0.5681818181818182 0.4506392045454546 0.6534090909090909 0.4634232954545455 0.7073863636363636
6 0.19655539772727273 0.3096590909090909 0.20614346590909094 0.26136363636363635 0.19655539772727273 0.20738636363636365 0.16938920454545456 0.14204545454545456 0.1502130681818182 0.125 0.13423295454545456 0.20170454545454544 0.1502130681818182 0.23295454545454544 0.15660511363636365 0.2784090909090909
6 0.4122869318181819 0.29545454545454547 0.4314630681818182 0.26420454545454547 0.4122869318181819 0.2159090909090909 0.3771306818181819 0.17329545454545456 0.3387784090909091 0.13068181818181818 0.31480823863636365 0.13352272727272727 0.3275923295454546 0.20738636363636365 0.30522017045454547 0.24147727272727273 0.28444602272727276 0.2784090909090909 0.31640625000000006 0.3068181818181818 0.3259943181818182 0.3352272727272727 0.3483664772727273 0.32386363636363635 0.3771306818181819 0.3125 0.3947088068181819 0.3153409090909091
6 0.23490767045454547 0.06818181818181818 0.23970170454545456 0.14204545454545456 0.26207386363636365 0.21022727272727273 0.28764204545454547 0.22727272727272727 0.30522017045454547 0.21875 0.30841619318181823 0.1875 0.3068181818181818 0.125 0.29083806818181823 0.06818181818181818
6 0.4985795454545455 0.7954545454545454 0.5257457386363636 0.7272727272727273 0.5353338068181819 0.6789772727272727 0.5225497159090909 0.6534090909090909 0.4953835227272727 0.6363636363636364 0.4714133522727273 0.6619318181818182 0.46981534090909094 0.6988636363636364 0.46981534090909094 0.7670454545454546 0.4538352272727273 0.8011363636363636 0.4490411931818182 0.8352272727272727 0.4825994318181819 0.8096590909090909
6 0.5337357954545455 0.7215909090909091 0.5593039772727273 0.7443181818181818 0.5976562500000001 0.7443181818181818 0.6184303977272728 0.7329545454545454 0.6072443181818182 0.6704545454545454 0.5832741477272728 0.6335227272727273 0.5545099431818182 0.5767045454545454 0.5369318181818182 0.5397727272727273 0.5033735795454546 0.5568181818181818 0.4506392045454546 0.5795454545454546 0.4538352272727273 0.6278409090909091 0.4762073863636364 0.6335227272727273 0.5113636363636365 0.6363636363636364 0.5433238636363636 0.6761363636363636
6 0.5784801136363636 0.8977272727272727 0.5593039772727273 0.8579545454545454 0.5241477272727273 0.8238636363636364 0.4953835227272727 0.8068181818181818 0.4490411931818182 0.8636363636363636 0.4506392045454546 0.8863636363636364 0.4857954545454546 0.9147727272727273 0.5129616477272728 0.9517045454545454 0.52734375 0.96875 0.544921875 0.9545454545454546 0.5625000000000001 0.9289772727272727
6 0.4634232954545455 0.32954545454545453 0.4762073863636364 0.39204545454545453 0.4825994318181819 0.45454545454545453 0.4953835227272727 0.5028409090909091 0.5129616477272728 0.4971590909090909 0.5177556818181819 0.4403409090909091 0.5161576704545455 0.375 0.5145596590909092 0.32954545454545453 0.5049715909090909 0.3096590909090909 0.4937855113636364 0.29545454545454547
6 0.4186789772727273 0.1278409090909091 0.4250710227272727 0.19886363636363635 0.43465909090909094 0.2585227272727273 0.45543323863636365 0.29829545454545453 0.49058948863636365 0.2840909090909091 0.49058948863636365 0.2471590909090909 0.5257457386363636 0.2159090909090909 0.5177556818181819 0.14772727272727273 0.48739346590909094 0.14772727272727273 0.4762073863636364 0.17329545454545456 0.4666193181818182 0.125 0.4474431818181819 0.10795454545454546
6 0.5289417613636365 0.4403409090909091 0.5593039772727273 0.5170454545454546 0.5896661931818182 0.5511363636363636 0.6296164772727273 0.5738636363636364 0.6727627840909092 0.5625 0.6791548295454546 0.5284090909090909 0.7095170454545454 0.4659090909090909 0.7207031250000001 0.4034090909090909 0.6424005681818182 0.38636363636363635 0.5944602272727273 0.38636363636363635 0.5497159090909092 0.39204545454545453
6 0.6903409090909092 0.5426136363636364 0.7095170454545454 0.6136363636363636 0.7478693181818182 0.65625 0.7830255681818182 0.6761363636363636 0.8277698863636364 0.6761363636363636 0.8693181818181819 0.6534090909090909 0.8181818181818182 0.6079545454545454 0.7574573863636364 0.5482954545454546 0.7318892045454546 0.5 0.7079190340909092 0.4971590909090909
6 0.9779829545454547 0.6420454545454546 0.9476207386363638 0.5653409090909091 0.9204545454545454 0.5170454545454546 0.8661221590909092 0.4460227272727273 0.8197798295454546 0.4318181818181818 0.8213778409090909 0.4744318181818182 0.7894176136363638 0.42329545454545453 0.7542613636363638 0.4375 0.7574573863636364 0.4943181818181818 0.7830255681818182 0.53125 0.7990056818181819 0.5454545454545454 0.7990056818181819 0.5738636363636364 0.8821022727272728 0.6647727272727273 0.9172585227272728 0.6704545454545454 0.9556107954545454 0.6647727272727273
6 0.856534090909091 0.75 0.8357599431818182 0.6960227272727273 0.7798295454545454 0.6960227272727273 0.7031250000000001 0.6420454545454546 0.6743607954545454 0.5852272727272727 0.6439985795454546 0.6079545454545454 0.6631747159090909 0.6534090909090909 0.6903409090909092 0.7102272727272727 0.6999289772727273 0.7471590909090909 0.7366832386363638 0.7670454545454546 0.7830255681818182 0.7840909090909091 0.8309659090909092 0.7784090909090909
6 0.9907670454545454 0.3125 0.9540127840909092 0.35511363636363635 0.9188565340909092 0.3977272727272727 0.9044744318181819 0.4602272727272727 0.9204545454545454 0.5 0.9540127840909092 0.5170454545454546 0.9875710227272728 0.5170454545454546
6 0.8229758522727273 0.26704545454545453 0.8213778409090909 0.19318181818181818 0.8022017045454546 0.12215909090909091 0.7638494318181819 0.09943181818181818 0.7302911931818182 0.07102272727272728 0.7159090909090909 0.19318181818181818 0.7095170454545454 0.2585227272727273 0.7654474431818182 0.2840909090909091 0.8085937500000001 0.2840909090909091
6 0.8868963068181819 0.17613636363636365 0.8725142045454546 0.13636363636363635 0.8022017045454546 0.09943181818181818 0.8277698863636364 0.20454545454545456 0.8309659090909092 0.2556818181818182 0.8629261363636364 0.2215909090909091
6 0.997159090909091 0.05397727272727273 0.9428267045454546 0.03977272727272727 0.8948863636363638 0.08522727272727272 0.8773082386363638 0.11931818181818182 0.891690340909091 0.19318181818181818 0.9332386363636364 0.1846590909090909 0.9667968750000001 0.14772727272727273 0.9939630681818182 0.11647727272727272
6 0.7127130681818182 0.11931818181818182 0.6551846590909092 0.13352272727272727 0.6184303977272728 0.18181818181818182 0.6344105113636365 0.2215909090909091 0.6424005681818182 0.3068181818181818 0.6743607954545454 0.26704545454545453 0.6935369318181819 0.20738636363636365 0.7095170454545454 0.17045454545454544
