6 0.14382102272727273 0.7102272727272727 0.19335937500000003 0.6903409090909091 0.20134943181818182 0.6363636363636364 0.18217329545454547 0.5596590909090909 0.14062500000000003 0.5255681818181818 0.09428267045454547 0.5198863636363636 0.04314630681818182 0.5880681818181818 0.05433238636363637 0.6534090909090909 0.05433238636363637 0.6846590909090909 0.0926846590909091 0.6931818181818182 0.12784090909090912 0.7130681818181818
6 0.2205255681818182 0.6534090909090909 0.25248579545454547 0.625 0.25248579545454547 0.5710227272727273 0.23970170454545456 0.48863636363636365 0.2205255681818182 0.4289772727272727 0.20134943181818182 0.3806818181818182 0.1725852272727273 0.33238636363636365 0.12144886363636365 0.3352272727272727 0.0926846590909091 0.4090909090909091 0.08629261363636365 0.4431818181818182 0.12784090909090912 0.44886363636363635 0.15660511363636365 0.4772727272727273 0.17418323863636365 0.5170454545454546 0.19495738636363635 0.5823863636363636
6 0.20933948863636365 0.6875 0.2652698863636364 0.6477272727272727 0.27965198863636365 0.6988636363636364 0.2748579545454546 0.7443181818181818 0.27645596590909094 0.7869318181818182 0.24609375000000003 0.7982954545454546 0.22851562500000003 0.7642045454545454 0.22691761363636365 0.7159090909090909
6 0.2428977272727273 0.8181818181818182 0.24769176136363635 0.8835227272727273 0.2572798295454546 0.9261363636363636 0.29083806818181823 0.9545454545454546 0.30841619318181823 0.9346590909090909 0.3212002840909091 0.8806818181818182 0.3100142045454546 0.84375 0.28444602272727276 0.7840909090909091
6 0.33238636363636365 0.875 0.36434659090909094 0.8693181818181818 0.3835227272727273 0.8494318181818182 0.3899147727272727 0.8352272727272727 0.4090909090909091 0.7840909090909091 0.3803267045454546 0.7386363636363636 0.3419744318181819 0.7329545454545454 0.3132102272727273 0.7215909090909091 0.2860440340909091 0.7272727272727273 0.29403409090909094 0.7727272727272727
6 0.38512073863636365 0.9772727272727273 0.4122869318181819 0.9545454545454546 0.43465909090909094 0.9176136363636364 0.4314630681818182 0.8806818181818182 0.4011008522727273 0.8352272727272727 0.35795454545454547 0.8920454545454546 0.3212002840909091 0.9005681818181818 0.3100142045454546 0.9602272727272727 0.3275923295454546 0.9829545454545454
6 0.5209517045454546 0.9829545454545454 0.5481178977272728 0.9488636363636364 0.5720880681818182 0.9034090909090909 0.5736860795454546 0.8607954545454546 0.5465198863636365 0.8380681818181818 0.5145596590909092 0.8068181818181818 0.4794034090909091 0.8096590909090909 0.47301136363636365 0.8522727272727273 0.45543323863636365 0.8920454545454546 0.48739346590909094 0.9488636363636364
6 0.5816761363636365 0.8352272727272727 0.6264204545454546 0.8068181818181818 0.6583806818181819 0.8068181818181818 0.6967329545454546 0.8096590909090909 0.7063210227272728 0.8352272727272727 0.7047230113636364 0.8920454545454546 0.6935369318181819 0.9375 0.6615767045454546 0.9147727272727273 0.6184303977272728 0.9034090909090909 0.5800781250000001 0.8892045454545454
6 0.5177556818181819 0.7130681818181818 0.5369318181818182 0.7386363636363636 0.5640980113636365 0.7670454545454546 0.6088423295454546 0.7869318181818182 0.6280184659090909 0.7698863636363636 0.6216264204545455 0.7215909090909091 0.5944602272727273 0.6761363636363636 0.5688920454545455 0.6221590909090909 0.5385298295454546 0.5767045454545454 0.5161576704545455 0.5625 0.5241477272727273 0.6647727272727273
6 0.4474431818181819 0.42045454545454547 0.45703125000000006 0.4744318181818182 0.4825994318181819 0.5056818181818182 0.5177556818181819 0.5227272727272727 0.5688920454545455 0.5227272727272727 0.6040482954545455 0.5369318181818182 0.6136363636363636 0.5 0.6216264204545455 0.4431818181818182 0.5880681818181819 0.4147727272727273 0.5609019886363636 0.4147727272727273 0.5193536931818182 0.3835227272727273 0.4762073863636364 0.38920454545454547
6 0.4314630681818182 0.3352272727272727 0.3947088068181819 0.39204545454545453 0.3419744318181819 0.38636363636363635 0.3004261363636364 0.36363636363636365 0.30184864358906993 0.3601878612716763 0.3180042613636364 0.3210227272727273 0.3180042613636364 0.2471590909090909 0.31480823863636365 0.19886363636363635 0.36434659090909094 0.21306818181818182 0.39311079545454547 0.24147727272727273 0.4186789772727273 0.2897727272727273
6 0.2780539772727273 0.056818181818181816 0.29083806818181823 0.10227272727272728 0.3004261363636364 0.17329545454545456 0.3132102272727273 0.2755681818181818 0.3004261363636364 0.3465909090909091 0.26207386363636365 0.3096590909090909 0.25248579545454547 0.24147727272727273 0.24449573863636367 0.17613636363636365 0.2540838068181818 0.10227272727272728
6 0.20933948863636365 0.32386363636363635 0.22851562500000003 0.2784090909090909 0.21093750000000003 0.21306818181818182 0.19176136363636365 0.16193181818181818 0.17737926136363635 0.11931818181818182 0.1502130681818182 0.17045454545454544 0.10227272727272728 0.1875 0.10866477272727273 0.2755681818181818 0.12144886363636365 0.3068181818181818 0.16139914772727273 0.3153409090909091
6 0.49058948863636365 0.3522727272727273 0.5017755681818182 0.2840909090909091 0.46981534090909094 0.2585227272727273 0.45223721590909094 0.2528409090909091 0.4506392045454546 0.30113636363636365 0.4474431818181819 0.3380681818181818 0.4474431818181819 0.38636363636363635 0.4762073863636364 0.375
6 0.4778053977272727 0.13352272727272727 0.4634232954545455 0.10227272727272728 0.42187500000000006 0.11363636363636363 0.3979048295454546 0.14488636363636365 0.39311079545454547 0.19602272727272727 0.4154829545454546 0.26704545454545453 0.4314630681818182 0.2755681818181818 0.45223721590909094 0.2215909090909091 0.4602272727272727 0.17045454545454544
6 0.6232244318181819 0.4943181818181818 0.6312144886363636 0.5625 0.6519886363636364 0.5965909090909091 0.6871448863636364 0.6392045454545454 0.7382812500000001 0.6590909090909091 0.7702414772727273 0.6534090909090909 0.7702414772727273 0.5880681818181818 0.7302911931818182 0.5482954545454546 0.7095170454545454 0.5028409090909091 0.6871448863636364 0.45738636363636365 0.6663707386363638 0.4375 0.6360085227272728 0.4346590909090909
6 0.979580965909091 0.6363636363636364 0.9651988636363638 0.5710227272727273 0.9348366477272728 0.4971590909090909 0.9108664772727273 0.4943181818181818 0.8533380681818182 0.4772727272727273 0.8341619318181819 0.4460227272727273 0.7990056818181819 0.4460227272727273 0.7782315340909092 0.5 0.7574573863636364 0.45454545454545453 0.7350852272727273 0.5397727272727273 0.7766335227272728 0.5738636363636364 0.7830255681818182 0.6335227272727273 0.8245738636363638 0.6136363636363636 0.8581321022727273 0.6306818181818182 0.8980823863636364 0.6590909090909091 0.9380326704545454 0.65625 0.9588068181818182 0.6477272727272727
6 0.8517400568181819 0.7244318181818182 0.8373579545454546 0.6875 0.8053977272727273 0.6704545454545454 0.7654474431818182 0.6931818181818182 0.7318892045454546 0.6988636363636364 0.6935369318181819 0.6590909090909091 0.6487926136363636 0.6193181818181818 0.6439985795454546 0.6505681818181818 0.6631747159090909 0.6875 0.6839488636363638 0.7215909090909091 0.7159090909090909 0.7897727272727273 0.7574573863636364 0.7840909090909091 0.8053977272727273 0.7840909090909091 0.8373579545454546 0.7670454545454546
6 0.8501420454545454 0.36363636363636365 0.8517400568181819 0.29545454545454547 0.8309659090909092 0.21022727272727273 0.7830255681818182 0.14204545454545456 0.7334872159090909 0.125 0.7095170454545454 0.2159090909090909 0.6999289772727273 0.2784090909090909 0.7318892045454546 0.3181818181818182 0.7670454545454546 0.3494318181818182 0.8022017045454546 0.3721590909090909 0.8309659090909092 0.375
6 0.8597301136363638 0.25 0.9172585227272728 0.21875 0.9572088068181819 0.20170454545454544 0.9875710227272728 0.16477272727272727 0.9939630681818182 0.0625 0.9651988636363638 0.05965909090909091 0.9300426136363638 0.056818181818181816 0.8852982954545454 0.09943181818181818 0.8661221590909092 0.16761363636363635
6 0.5960582386363636 0.32954545454545453 0.6695667613636364 0.28125 0.6967329545454546 0.23295454545454544 0.7223011363636364 0.12215909090909091 0.6855468750000001 0.1278409090909091 0.6408025568181819 0.14772727272727273 0.6136363636363636 0.17897727272727273 0.5720880681818182 0.23579545454545456
