6 0.20134943181818182 0.7244318181818182 0.21093750000000003 0.6647727272727273 0.19176136363636365 0.5852272727272727 0.1502130681818182 0.5227272727272727 0.10227272727272728 0.5056818181818182 0.055930397727272735 0.5369318181818182 0.05113636363636364 0.6335227272727273 0.07990056818181819 0.6477272727272727 0.11345880681818182 0.7102272727272727 0.1534090909090909 0.7159090909090909
6 0.21732954545454547 0.6761363636363636 0.2428977272727273 0.6818181818181818 0.2508877840909091 0.6420454545454546 0.25248579545454547 0.6022727272727273 0.2333096590909091 0.5170454545454546 0.22372159090909094 0.48011363636363635 0.1981534090909091 0.4147727272727273 0.17737926136363635 0.35795454545454547 0.13423295454545456 0.35795454545454547 0.11825284090909091 0.4460227272727273 0.13103693181818182 0.48579545454545453 0.1629971590909091 0.53125 0.19495738636363635 0.5625
6 0.17737926136363635 0.7301136363636364 0.20134943181818182 0.8068181818181818 0.22691761363636365 0.8522727272727273 0.2540838068181818 0.8607954545454546 0.28444602272727276 0.8465909090909091 0.28444602272727276 0.8011363636363636 0.27645596590909094 0.7329545454545454 0.2684659090909091 0.6789772727272727 0.25887784090909094 0.6619318181818182 0.21413352272727276 0.6903409090909091
6 0.23650568181818182 0.8977272727272727 0.27006392045454547 0.9488636363636364 0.30522017045454547 0.9744318181818182 0.3259943181818182 0.9715909090909091 0.33238636363636365 0.9375 0.3355823863636364 0.8806818181818182 0.31960227272727276 0.8352272727272727 0.29403409090909094 0.7840909090909091 0.2892400568181818 0.8465909090909091 0.2540838068181818 0.8693181818181818
6 0.4122869318181819 0.7897727272727273 0.3963068181818182 0.8295454545454546 0.35795454545454547 0.8636363636363636 0.3387784090909091 0.8778409090909091 0.31480823863636365 0.8068181818181818 0.29882812500000006 0.7244318181818182 0.3563565340909091 0.7215909090909091 0.3947088068181819 0.7386363636363636
6 0.3835227272727273 0.9886363636363636 0.4186789772727273 0.9659090909090909 0.4362571022727273 0.9261363636363636 0.4314630681818182 0.8977272727272727 0.4138849431818182 0.8579545454545454 0.3963068181818182 0.8465909090909091 0.3611505681818182 0.8835227272727273 0.3483664772727273 0.9204545454545454 0.34037642045454547 0.9659090909090909 0.3355823863636364 0.9886363636363636 0.35795454545454547 0.9772727272727273
6 0.4618252840909091 0.9147727272727273 0.4825994318181819 0.9460227272727273 0.5049715909090909 0.9801136363636364 0.52734375 0.9602272727272727 0.5529119318181819 0.9318181818181818 0.5704900568181819 0.8863636363636364 0.5640980113636365 0.8465909090909091 0.5401278409090909 0.8153409090909091 0.49218750000000006 0.8039772727272727 0.4762073863636364 0.8125 0.47301136363636365 0.8636363636363636
6 0.4969815340909091 0.7045454545454546 0.5161576704545455 0.7528409090909091 0.5369318181818182 0.7727272727272727 0.5561079545454546 0.7926136363636364 0.5784801136363636 0.8153409090909091 0.6072443181818182 0.8125 0.6439985795454546 0.8068181818181818 0.6280184659090909 0.7613636363636364 0.6152343750000001 0.7073863636363636 0.5880681818181819 0.6676136363636364 0.5545099431818182 0.6136363636363636 0.5209517045454546 0.5909090909090909 0.4857954545454546 0.5568181818181818 0.4857954545454546 0.6136363636363636
6 0.4154829545454546 0.42613636363636365 0.42187500000000006 0.48863636363636365 0.4410511363636364 0.5284090909090909 0.4618252840909091 0.5539772727272727 0.5081676136363636 0.5568181818181818 0.5465198863636365 0.5767045454545454 0.5656960227272728 0.5710227272727273 0.5704900568181819 0.5227272727272727 0.5720880681818182 0.48579545454545453 0.5465198863636365 0.4971590909090909 0.52734375 0.4318181818181818 0.5033735795454546 0.38920454545454547 0.4634232954545455 0.3806818181818182 0.43785511363636365 0.38636363636363635
6 0.979580965909091 0.6193181818181818 0.9651988636363638 0.5681818181818182 0.9316406250000001 0.4943181818181818 0.8900923295454546 0.4659090909090909 0.8181818181818182 0.4289772727272727 0.7846235795454546 0.4744318181818182 0.7606534090909092 0.44886363636363635 0.7318892045454546 0.5227272727272727 0.7446732954545454 0.5767045454545454 0.7638494318181819 0.5852272727272727 0.7862215909090909 0.5823863636363636 0.8165838068181819 0.59375 0.8469460227272728 0.625 0.891690340909091 0.6534090909090909 0.9332386363636364 0.6534090909090909 0.9572088068181819 0.6335227272727273
6 0.8309659090909092 0.75 0.7846235795454546 0.7840909090909091 0.7350852272727273 0.8068181818181818 0.6775568181818182 0.7698863636363636 0.6392045454545455 0.7329545454545454 0.6264204545454546 0.6619318181818182 0.6471946022727273 0.6221590909090909 0.6743607954545454 0.6534090909090909 0.7095170454545454 0.6619318181818182 0.7366832386363638 0.6704545454545454 0.7606534090909092 0.6818181818181818 0.7846235795454546 0.6704545454545454
6 0.5784801136363636 0.4375 0.5880681818181819 0.5113636363636364 0.5944602272727273 0.5852272727272727 0.6200284090909092 0.6136363636363636 0.6679687500000001 0.6306818181818182 0.7382812500000001 0.6448863636363636 0.7558593750000001 0.6107954545454546 0.7031250000000001 0.6022727272727273 0.6967329545454546 0.5085227272727273 0.6647727272727273 0.45738636363636365 0.6360085227272728 0.4289772727272727 0.6040482954545455 0.42329545454545453
6 0.42187500000000006 0.3693181818181818 0.42027698863636365 0.3181818181818182 0.36754261363636365 0.2727272727272727 0.32919034090909094 0.22443181818181818 0.31161221590909094 0.23011363636363635 0.3259943181818182 0.2897727272727273 0.3307883522727273 0.3409090909090909 0.32279829545454547 0.39488636363636365 0.3435724431818182 0.4147727272727273 0.3787286931818182 0.4090909090909091 0.3979048295454546 0.40625
6 0.20614346590909094 0.3522727272727273 0.22691761363636365 0.32386363636363635 0.22372159090909094 0.24431818181818182 0.1981534090909091 0.19886363636363635 0.16938920454545456 0.10227272727272728 0.1502130681818182 0.07386363636363637 0.14062500000000003 0.13920454545454544 0.12943892045454547 0.23011363636363635 0.12144886363636365 0.3181818181818182 0.1534090909090909 0.32954545454545453
6 0.6871448863636364 0.2897727272727273 0.7414772727272728 0.36363636363636365 0.7670454545454546 0.4034090909090909 0.7990056818181819 0.41761363636363635 0.8261718750000001 0.4090909090909091 0.8437500000000001 0.36363636363636365 0.8341619318181819 0.2897727272727273 0.8165838068181819 0.22727272727272727 0.7766335227272728 0.19318181818181818 0.7318892045454546 0.17329545454545456 0.7238991477272728 0.22727272727272727 0.7047230113636364 0.26704545454545453
6 0.29403409090909094 0.3806818181818182 0.2652698863636364 0.32954545454545453 0.2381036931818182 0.2727272727272727 0.2253196022727273 0.19886363636363635 0.2029474431818182 0.15056818181818182 0.22212357954545456 0.0625 0.2333096590909091 0.11647727272727272 0.26686789772727276 0.09659090909090909 0.2716619318181818 0.13636363636363635 0.29403409090909094 0.20454545454545456 0.30522017045454547 0.26136363636363635 0.31960227272727276 0.3125 0.31640625000000006 0.3806818181818182
6 0.6088423295454546 0.32386363636363635 0.6471946022727273 0.3068181818181818 0.6727627840909092 0.26988636363636365 0.7015269886363638 0.23295454545454544 0.7286931818181819 0.16477272727272727 0.6551846590909092 0.13636363636363635 0.6408025568181819 0.17045454545454544 0.6040482954545455 0.2215909090909091 0.5816761363636365 0.23863636363636365 0.5688920454545455 0.2897727272727273 0.5784801136363636 0.32386363636363635
6 0.891690340909091 0.14772727272727273 0.8437500000000001 0.2215909090909091 0.8501420454545454 0.3039772727272727 0.8709161931818182 0.3465909090909091 0.8900923295454546 0.3352272727272727 0.9076704545454546 0.2897727272727273 0.9172585227272728 0.2159090909090909 0.9236505681818182 0.17613636363636365
6 0.9923650568181819 0.07386363636363637 0.962002840909091 0.0625 0.9156605113636364 0.0625 0.8773082386363638 0.11079545454545454 0.9012784090909092 0.13352272727272727 0.9316406250000001 0.17613636363636365 0.9412286931818182 0.2159090909090909 0.9843750000000001 0.18181818181818182 0.9939630681818182 0.1590909090909091
6 0.3180042613636364 0.20170454545454544 0.34996448863636365 0.16193181818181818 0.3547585227272727 0.08806818181818182 0.35156250000000006 0.056818181818181816 0.2780539772727273 0.056818181818181816 0.28125000000000006 0.1278409090909091 0.29723011363636365 0.17613636363636365
