7 0.43945312500000006 0.4772727272727273 0.4602272727272727 0.4119318181818182 0.4953835227272727 0.35795454545454547 0.5209517045454546 0.32954545454545453 0.5672940340909092 0.3039772727272727 0.5752840909090909 0.35511363636363635 0.5960582386363636 0.3806818181818182 0.6216264204545455 0.3522727272727273 0.6264204545454546 0.44886363636363635 0.6487926136363636 0.4943181818181818 0.6104403409090909 0.4659090909090909 0.5880681818181819 0.4630681818181818 0.5784801136363636 0.5340909090909091 0.5976562500000001 0.5852272727272727 0.5561079545454546 0.5880681818181818 0.5129616477272728 0.5681818181818182 0.4762073863636364 0.5284090909090909
7 0.7318892045454546 0.8323863636363636 0.7766335227272728 0.8295454545454546 0.8213778409090909 0.8039772727272727 0.8405539772727273 0.7755681818181818 0.8245738636363638 0.71875 0.8022017045454546 0.6647727272727273 0.7782315340909092 0.5994318181818182 0.7542613636363638 0.5511363636363636 0.7446732954545454 0.6306818181818182 0.7350852272727273 0.6619318181818182 0.6983309659090909 0.5880681818181818 0.6935369318181819 0.6590909090909091 0.6839488636363638 0.7244318181818182 0.7207031250000001 0.7102272727272727 0.7334872159090909 0.7386363636363636 0.7350852272727273 0.78125
7 0.8421519886363638 0.5454545454545454 0.856534090909091 0.5 0.8661221590909092 0.4403409090909091 0.8581321022727273 0.38920454545454547 0.8469460227272728 0.32954545454545453 0.8341619318181819 0.2755681818181818 0.8277698863636364 0.34375 0.8213778409090909 0.4090909090909091 0.8181818181818182 0.45454545454545453 0.8245738636363638 0.5
7 0.6551846590909092 0.45738636363636365 0.6871448863636364 0.48579545454545453 0.7366832386363638 0.5056818181818182 0.7350852272727273 0.45454545454545453 0.7478693181818182 0.4034090909090909 0.7702414772727273 0.42045454545454547 0.7862215909090909 0.45454545454545453 0.7798295454545454 0.39204545454545453 0.7862215909090909 0.32670454545454547 0.7990056818181819 0.2897727272727273 0.7542613636363638 0.32954545454545453 0.7238991477272728 0.3181818181818182 0.6967329545454546 0.2840909090909091 0.6392045454545455 0.3068181818181818 0.6312144886363636 0.36363636363636365 0.6296164772727273 0.4034090909090909 0.6424005681818182 0.4375
7 0.2716619318181818 0.9034090909090909 0.29723011363636365 0.8295454545454546 0.3259943181818182 0.7897727272727273 0.3595525568181819 0.7414772727272727 0.38671875000000006 0.7102272727272727 0.38671875000000006 0.7613636363636364 0.4058948863636364 0.7954545454545454 0.42187500000000006 0.7443181818181818 0.4506392045454546 0.7954545454545454 0.4650213068181819 0.84375 0.4666193181818182 0.8778409090909091 0.4314630681818182 0.8920454545454546 0.4186789772727273 0.9204545454545454 0.4410511363636364 0.9602272727272727 0.3915127840909091 0.9744318181818182 0.34676846590909094 0.96875 0.3036221590909091 0.9403409090909091
7 0.9140625000000001 0.7045454545454546 0.9556107954545454 0.6306818181818182 0.9811789772727273 0.5539772727272727 0.9923650568181819 0.4318181818181818 0.9651988636363638 0.35511363636363635 0.9380326704545454 0.29829545454545453 0.9140625000000001 0.26704545454545453 0.9108664772727273 0.3380681818181818 0.9044744318181819 0.42045454545454547 0.8693181818181819 0.38636363636363635 0.8757102272727273 0.45454545454545453 0.8757102272727273 0.5227272727272727 0.8661221590909092 0.5738636363636364 0.9076704545454546 0.5397727272727273 0.9108664772727273 0.625 0.9108664772727273 0.6676136363636364
7 0.5017755681818182 0.9829545454545454 0.5321377840909092 0.8977272727272727 0.5688920454545455 0.8238636363636364 0.5976562500000001 0.7670454545454546 0.6200284090909092 0.7443181818181818 0.6312144886363636 0.8125 0.6487926136363636 0.8380681818181818 0.6679687500000001 0.8011363636363636 0.6887428977272728 0.7698863636363636 0.7031250000000001 0.8068181818181818 0.7095170454545454 0.8522727272727273 0.7175071022727273 0.8892045454545454 0.6951349431818182 0.8948863636363636 0.6679687500000001 0.8863636363636364 0.6647727272727273 0.9431818181818182 0.6567826704545454 0.9857954545454546 0.6088423295454546 0.9801136363636364 0.544921875 0.9829545454545454
7 0.05273437500000001 0.875 0.06711647727272728 0.8039772727272727 0.08629261363636365 0.7272727272727273 0.10387073863636365 0.6818181818181818 0.11665482954545454 0.75 0.12784090909090912 0.7727272727272727 0.13423295454545456 0.7471590909090909 0.13423295454545456 0.7954545454545454 0.14541903409090912 0.8494318181818182 0.12624289772727273 0.8494318181818182 0.12624289772727273 0.9005681818181818 0.12304687500000001 0.9488636363636364 0.08629261363636365 0.9346590909090909 0.06392045454545456 0.9147727272727273
7 0.28444602272727276 0.6164772727272727 0.2508877840909091 0.5909090909090909 0.2157315340909091 0.5568181818181818 0.19975142045454547 0.5454545454545454 0.17098721590909094 0.5795454545454546 0.14382102272727273 0.5852272727272727 0.12464488636363638 0.5852272727272727 0.13423295454545456 0.6534090909090909 0.16459517045454547 0.6363636363636364 0.18217329545454547 0.6505681818181818 0.19176136363636365 0.6931818181818182 0.18217329545454547 0.7386363636363636 0.2157315340909091 0.7130681818181818 0.24769176136363635 0.6931818181818182 0.26686789772727276 0.6590909090909091
7 0.18217329545454547 0.4914772727272727 0.2077414772727273 0.4460227272727273 0.23970170454545456 0.4005681818181818 0.2716619318181818 0.36363636363636365 0.2860440340909091 0.4147727272727273 0.30522017045454547 0.4147727272727273 0.31640625000000006 0.3835227272727273 0.32919034090909094 0.4431818181818182 0.32919034090909094 0.5397727272727273 0.3068181818181818 0.5056818181818182 0.29403409090909094 0.4914772727272727 0.2924360795454546 0.5397727272727273 0.29083806818181823 0.5681818181818182 0.29403409090909094 0.6051136363636364 0.25568181818181823 0.5738636363636364 0.2205255681818182 0.5397727272727273 0.18856534090909094 0.5227272727272727
