6 0.19335937500000003 0.5738636363636364 0.18377130681818182 0.6363636363636364 0.15660511363636365 0.6931818181818182 0.11985085227272728 0.7301136363636364 0.08149857954545454 0.7215909090909091 0.059126420454545456 0.6875 0.06551846590909091 0.6363636363636364 0.07670454545454546 0.5482954545454546 0.09588068181818182 0.5397727272727273 0.12624289772727273 0.5284090909090909 0.1502130681818182 0.5284090909090909
6 0.2029474431818182 0.5738636363636364 0.22851562500000003 0.5909090909090909 0.24609375000000003 0.5681818181818182 0.2428977272727273 0.5142045454545454 0.23650568181818182 0.4431818181818182 0.2077414772727273 0.3778409090909091 0.18377130681818182 0.32386363636363635 0.14701704545454547 0.29261363636363635 0.08789062500000001 0.3039772727272727 0.07990056818181819 0.3835227272727273 0.12464488636363638 0.4403409090909091 0.14701704545454547 0.48579545454545453 0.17578125000000003 0.53125
6 0.21732954545454547 0.3068181818181818 0.21732954545454547 0.26136363636363635 0.19975142045454547 0.1846590909090909 0.17098721590909094 0.125 0.1374289772727273 0.125 0.14861505681818182 0.22443181818181818 0.16459517045454547 0.2897727272727273 0.1981534090909091 0.32386363636363635
6 0.22851562500000003 0.08806818181818182 0.24129971590909094 0.16477272727272727 0.2716619318181818 0.24147727272727273 0.29403409090909094 0.26420454545454547 0.31161221590909094 0.2585227272727273 0.3212002840909091 0.2215909090909091 0.3180042613636364 0.1875 0.30522017045454547 0.125 0.28444602272727276 0.045454545454545456
6 0.28125000000000006 0.32386363636363635 0.31640625000000006 0.3352272727272727 0.3531605113636364 0.3494318181818182 0.3835227272727273 0.34375 0.4154829545454546 0.3181818181818182 0.4282670454545455 0.2897727272727273 0.4154829545454546 0.23011363636363635 0.3883167613636364 0.1875 0.35156250000000006 0.15056818181818182 0.32279829545454547 0.14204545454545456 0.3307883522727273 0.23579545454545456 0.3004261363636364 0.2869318181818182
6 0.22212357954545456 0.6022727272727273 0.22212357954545456 0.6704545454545454 0.23970170454545456 0.7272727272727273 0.26207386363636365 0.7443181818181818 0.28125000000000006 0.7272727272727273 0.28444602272727276 0.6789772727272727 0.27006392045454547 0.6107954545454546 0.25248579545454547 0.5568181818181818
6 0.23011363636363635 0.84375 0.24129971590909094 0.8863636363636364 0.26207386363636365 0.9005681818181818 0.28764204545454547 0.8863636363636364 0.28764204545454547 0.8323863636363636 0.28444602272727276 0.7840909090909091 0.27645596590909094 0.75 0.2333096590909091 0.7301136363636364 0.20134943181818182 0.7045454545454546
6 0.29723011363636365 0.8551136363636364 0.31960227272727276 0.8693181818181818 0.3627485795454546 0.84375 0.39311079545454547 0.8181818181818182 0.39311079545454547 0.7840909090909091 0.3627485795454546 0.7443181818181818 0.3212002840909091 0.7272727272727273 0.2892400568181818 0.7272727272727273
6 0.3739346590909091 0.9772727272727273 0.40269886363636365 0.9573863636363636 0.4314630681818182 0.9176136363636364 0.43785511363636365 0.8721590909090909 0.4154829545454546 0.8295454545454546 0.3979048295454546 0.8181818181818182 0.31960227272727276 0.8778409090909091 0.29403409090909094 0.8892045454545454 0.24769176136363635 0.9034090909090909 0.23490767045454547 0.9517045454545454 0.2748579545454546 0.9829545454545454 0.3100142045454546 0.9829545454545454 0.34996448863636365 0.9744318181818182
6 0.5241477272727273 0.9659090909090909 0.5513139204545455 0.9431818181818182 0.5752840909090909 0.9176136363636364 0.5752840909090909 0.8806818181818182 0.5481178977272728 0.8380681818181818 0.5225497159090909 0.8125 0.49058948863636365 0.8125 0.4458451704545455 0.8267045454545454 0.4474431818181819 0.8579545454545454 0.4506392045454546 0.8920454545454546 0.4794034090909091 0.9204545454545454
6 0.42027698863636365 0.7642045454545454 0.4442471590909091 0.7954545454545454 0.45703125000000006 0.7698863636363636 0.4634232954545455 0.7102272727272727 0.45703125000000006 0.6335227272727273 0.4266690340909091 0.5738636363636364 0.38512073863636365 0.5397727272727273 0.3883167613636364 0.625 0.3899147727272727 0.6931818181818182
6 0.48899147727272735 0.7897727272727273 0.5209517045454546 0.7443181818181818 0.5241477272727273 0.6875 0.5289417613636365 0.6335227272727273 0.49218750000000006 0.6107954545454546 0.4714133522727273 0.6477272727272727 0.4762073863636364 0.7159090909090909
6 0.5353338068181819 0.7272727272727273 0.5625000000000001 0.7556818181818182 0.6040482954545455 0.7556818181818182 0.6152343750000001 0.7329545454545454 0.6104403409090909 0.6761363636363636 0.5816761363636365 0.6363636363636364 0.5561079545454546 0.5965909090909091 0.5257457386363636 0.5795454545454546 0.5369318181818182 0.6619318181818182
6 0.5944602272727273 0.9119318181818182 0.6455965909090909 0.9147727272727273 0.6759588068181819 0.9375 0.6935369318181819 0.9715909090909091 0.6839488636363638 0.9886363636363636 0.5944602272727273 0.9886363636363636 0.5513139204545455 0.9857954545454546
6 0.6200284090909092 0.8806818181818182 0.6535866477272728 0.8465909090909091 0.6935369318181819 0.8409090909090909 0.7159090909090909 0.8551136363636364 0.7223011363636364 0.9034090909090909 0.7111150568181819 0.9488636363636364 0.7031250000000001 0.9715909090909091 0.6711647727272728 0.9090909090909091
6 0.4985795454545455 0.4460227272727273 0.5209517045454546 0.5 0.5625000000000001 0.5568181818181818 0.6008522727272728 0.5653409090909091 0.6471946022727273 0.5625 0.6599786931818182 0.5170454545454546 0.6759588068181819 0.4772727272727273 0.7015269886363638 0.45454545454545453 0.6967329545454546 0.4119318181818182 0.6455965909090909 0.4090909090909091 0.5816761363636365 0.3806818181818182 0.5305397727272728 0.38636363636363635
6 0.6711647727272728 0.5284090909090909 0.7223011363636364 0.6477272727272727 0.7590553977272728 0.6676136363636364 0.8085937500000001 0.6732954545454546 0.8437500000000001 0.65625 0.8053977272727273 0.6107954545454546 0.7574573863636364 0.5454545454545454 0.7031250000000001 0.4772727272727273 0.6727627840909092 0.4943181818181818
6 0.9811789772727273 0.65625 0.9556107954545454 0.5994318181818182 0.9332386363636364 0.5397727272727273 0.9076704545454546 0.5056818181818182 0.8533380681818182 0.45738636363636365 0.8085937500000001 0.4630681818181818 0.8117897727272728 0.5 0.7862215909090909 0.42329545454545453 0.7510653409090909 0.45738636363636365 0.7446732954545454 0.5056818181818182 0.7718394886363638 0.5426136363636364 0.8006036931818182 0.5681818181818182 0.8037997159090909 0.5852272727272727 0.8341619318181819 0.6306818181818182 0.8629261363636364 0.6477272727272727 0.9092684659090908 0.6931818181818182 0.9396306818181819 0.6818181818181818 0.9683948863636364 0.6761363636363636
6 0.856534090909091 0.7386363636363636 0.8421519886363638 0.71875 0.8293678977272728 0.6875 0.7238991477272728 0.6761363636363636 0.6871448863636364 0.6534090909090909 0.6647727272727273 0.59375 0.6615767045454546 0.6534090909090909 0.6775568181818182 0.7159090909090909 0.7031250000000001 0.75 0.7446732954545454 0.7670454545454546 0.7846235795454546 0.7784090909090909 0.8213778409090909 0.7840909090909091 0.8405539772727273 0.7727272727272727
6 0.6200284090909092 0.34375 0.6647727272727273 0.29829545454545453 0.6871448863636364 0.24431818181818182 0.7143110795454546 0.17897727272727273 0.7238991477272728 0.1278409090909091 0.6823508522727273 0.10795454545454546 0.6232244318181819 0.13636363636363635 0.5896661931818182 0.23579545454545456 0.5976562500000001 0.32386363636363635
6 0.7031250000000001 0.2784090909090909 0.7526633522727273 0.3125 0.8037997159090909 0.3181818181818182 0.8309659090909092 0.29545454545454547 0.8357599431818182 0.23295454545454544 0.8181818181818182 0.16761363636363635 0.7942116477272728 0.09375 0.7494673295454546 0.09943181818181818
6 0.8437500000000001 0.26136363636363635 0.8757102272727273 0.22727272727272727 0.8948863636363638 0.20170454545454544 0.8852982954545454 0.16477272727272727 0.8629261363636364 0.125 0.8341619318181819 0.11079545454545454 0.8022017045454546 0.10227272727272728
6 0.9108664772727273 0.21022727272727273 0.9524147727272728 0.19318181818181818 0.9779829545454547 0.16193181818181818 0.997159090909091 0.12215909090909091 0.9955610795454547 0.045454545454545456 0.9348366477272728 0.045454545454545456 0.9012784090909092 0.08238636363636363 0.8773082386363638 0.1278409090909091
6 0.8821022727272728 0.45738636363636365 0.9012784090909092 0.4034090909090909 0.926846590909091 0.3778409090909091 0.9604048295454547 0.36079545454545453 0.9843750000000001 0.32670454545454547 0.9923650568181819 0.38636363636363635 0.9859730113636364 0.48295454545454547 0.9907670454545454 0.5227272727272727 0.9556107954545454 0.5170454545454546 0.9300426136363638 0.5142045454545454
