6 0.08149857954545454 0.6789772727272727 0.11825284090909091 0.7159090909090909 0.17578125000000003 0.7130681818181818 0.20454545454545456 0.6988636363636364 0.20454545454545456 0.65625 0.1901633522727273 0.5909090909090909 0.15820312500000003 0.5454545454545454 0.13103693181818182 0.5142045454545454 0.08309659090909091 0.5397727272727273 0.06072443181818182 0.5965909090909091
6 0.21732954545454547 0.6732954545454546 0.2428977272727273 0.6732954545454546 0.24928977272727276 0.6363636363636364 0.25887784090909094 0.6022727272727273 0.23650568181818182 0.5369318181818182 0.2253196022727273 0.4602272727272727 0.19495738636363635 0.3977272727272727 0.18856534090909094 0.35511363636363635 0.13423295454545456 0.3522727272727273 0.1102627840909091 0.4005681818181818 0.1358309659090909 0.4403409090909091 0.14062500000000003 0.48295454545454547 0.15660511363636365 0.5255681818181818 0.17897727272727273 0.5625 0.2077414772727273 0.6363636363636364
6 0.17897727272727273 0.7244318181818182 0.21253551136363635 0.7840909090909091 0.23490767045454547 0.8238636363636364 0.27965198863636365 0.8125 0.28444602272727276 0.7727272727272727 0.2780539772727273 0.7130681818181818 0.26686789772727276 0.6619318181818182 0.23970170454545456 0.6988636363636364 0.21732954545454547 0.7045454545454546
6 0.2428977272727273 0.8721590909090909 0.25248579545454547 0.9261363636363636 0.2748579545454546 0.9488636363636364 0.3036221590909091 0.9602272727272727 0.3212002840909091 0.9403409090909091 0.3212002840909091 0.8892045454545454 0.3068181818181818 0.8267045454545454 0.2892400568181818 0.7840909090909091 0.28125000000000006 0.8352272727272727 0.23970170454545456 0.8323863636363636
6 0.33238636363636365 0.8863636363636364 0.3707386363636364 0.875 0.3915127840909091 0.8465909090909091 0.4138849431818182 0.8210227272727273 0.4154829545454546 0.7897727272727273 0.3963068181818182 0.75 0.3531605113636364 0.7272727272727273 0.32279829545454547 0.7272727272727273 0.2956321022727273 0.7215909090909091 0.3132102272727273 0.8125
6 0.4011008522727273 0.9943181818181818 0.42187500000000006 0.9573863636363636 0.4426491477272727 0.9261363636363636 0.4298650568181819 0.875 0.4011008522727273 0.8551136363636364 0.3483664772727273 0.9090909090909091 0.3259943181818182 0.9488636363636364 0.31480823863636365 0.9829545454545454 0.3611505681818182 0.9772727272727273
6 0.4602272727272727 0.9147727272727273 0.4825994318181819 0.9488636363636364 0.5017755681818182 0.9715909090909091 0.5209517045454546 0.96875 0.5497159090909092 0.9261363636363636 0.5752840909090909 0.8977272727272727 0.5656960227272728 0.8522727272727273 0.5193536931818182 0.8238636363636364 0.4857954545454546 0.8125 0.4666193181818182 0.8380681818181818
6 0.5033735795454546 0.6903409090909091 0.5209517045454546 0.7528409090909091 0.5481178977272728 0.7727272727272727 0.5720880681818182 0.7954545454545454 0.6040482954545455 0.8011363636363636 0.6264204545454546 0.7869318181818182 0.6248224431818182 0.75 0.6072443181818182 0.6875 0.5816761363636365 0.6420454545454546 0.5369318181818182 0.5965909090909091 0.5225497159090909 0.5738636363636364 0.5033735795454546 0.6392045454545454
6 0.5912642045454546 0.45738636363636365 0.6072443181818182 0.5255681818181818 0.6184303977272728 0.59375 0.6487926136363636 0.6335227272727273 0.6775568181818182 0.6704545454545454 0.7382812500000001 0.6704545454545454 0.7702414772727273 0.6534090909090909 0.7574573863636364 0.5965909090909091 0.7047230113636364 0.5823863636363636 0.6807528409090909 0.4971590909090909 0.6583806818181819 0.44886363636363635 0.6152343750000001 0.4289772727272727
6 0.4362571022727273 0.4090909090909091 0.45703125000000006 0.38636363636363635 0.49218750000000006 0.3721590909090909 0.5337357954545455 0.3977272727272727 0.5609019886363636 0.4289772727272727 0.5800781250000001 0.48863636363636365 0.5944602272727273 0.5568181818181818 0.5465198863636365 0.5625 0.5177556818181819 0.5568181818181818 0.4810014204545455 0.5227272727272727 0.4442471590909091 0.5227272727272727 0.4314630681818182 0.4630681818181818
6 0.4250710227272727 0.3494318181818182 0.41068892045454547 0.29261363636363635 0.3659446022727273 0.24147727272727273 0.32919034090909094 0.22443181818181818 0.3132102272727273 0.2215909090909091 0.3307883522727273 0.29545454545454547 0.32279829545454547 0.3465909090909091 0.31960227272727276 0.3835227272727273 0.35156250000000006 0.3977272727272727 0.3915127840909091 0.38920454545454547 0.4154829545454546 0.38636363636363635
6 0.2748579545454546 0.08238636363636363 0.28764204545454547 0.16477272727272727 0.3100142045454546 0.24147727272727273 0.31960227272727276 0.30113636363636365 0.3068181818181818 0.3664772727272727 0.2652698863636364 0.35795454545454547 0.23650568181818182 0.2840909090909091 0.2253196022727273 0.19318181818181818 0.24129971590909094 0.11931818181818182
6 0.19495738636363635 0.34375 0.22691761363636365 0.32386363636363635 0.21093750000000003 0.19318181818181818 0.17578125000000003 0.1278409090909091 0.14382102272727273 0.14204545454545456 0.12464488636363638 0.21306818181818182 0.14062500000000003 0.2840909090909091 0.16619318181818182 0.32386363636363635
6 0.5720880681818182 0.8352272727272727 0.6072443181818182 0.8039772727272727 0.6487926136363636 0.7869318181818182 0.6759588068181819 0.8068181818181818 0.6903409090909092 0.8522727272727273 0.6871448863636364 0.8948863636363636 0.6807528409090909 0.9431818181818182 0.6551846590909092 0.9261363636363636 0.6104403409090909 0.9034090909090909 0.5816761363636365 0.8920454545454546
6 0.9811789772727273 0.6136363636363636 0.9651988636363638 0.5568181818181818 0.9300426136363638 0.5 0.8996803977272728 0.4914772727272727 0.8229758522727273 0.4460227272727273 0.7926136363636364 0.44886363636363635 0.7638494318181819 0.44886363636363635 0.7350852272727273 0.4460227272727273 0.7398792613636364 0.5113636363636364 0.7270951704545454 0.5625 0.7670454545454546 0.5965909090909091 0.8117897727272728 0.6051136363636364 0.8517400568181819 0.6136363636363636 0.9012784090909092 0.6477272727272727 0.9348366477272728 0.6392045454545454 0.9651988636363638 0.6363636363636364
6 0.8437500000000001 0.38636363636363635 0.8405539772727273 0.29545454545454547 0.8277698863636364 0.24431818181818182 0.7926136363636364 0.1875 0.7542613636363638 0.13636363636363635 0.7254971590909092 0.14772727272727273 0.7079190340909092 0.23579545454545456 0.6887428977272728 0.26988636363636365 0.7111150568181819 0.3096590909090909 0.7414772727272728 0.3494318181818182 0.7702414772727273 0.38636363636363635 0.7958096590909092 0.3977272727272727 0.8181818181818182 0.4005681818181818
6 0.9220525568181819 0.23011363636363635 0.9556107954545454 0.21022727272727273 0.9827769886363638 0.18181818181818182 0.9939630681818182 0.16477272727272727 0.9923650568181819 0.0625 0.9683948863636364 0.05113636363636364 0.9076704545454546 0.07386363636363637 0.8661221590909092 0.11363636363636363 0.8469460227272728 0.1590909090909091 0.8613281250000001 0.19318181818181818 0.9028764204545454 0.1846590909090909
6 0.7159090909090909 0.15056818181818182 0.6264204545454546 0.1590909090909091 0.5880681818181819 0.2159090909090909 0.5609019886363636 0.2556818181818182 0.5704900568181819 0.3096590909090909 0.5944602272727273 0.3125 0.6312144886363636 0.3153409090909091 0.6535866477272728 0.30113636363636365 0.6743607954545454 0.2897727272727273 0.6903409090909092 0.24431818181818182 0.7063210227272728 0.19318181818181818
6 0.6392045454545455 0.07102272727272728 0.6551846590909092 0.045454545454545456 0.6727627840909092 0.019886363636363636 0.7095170454545454 0.008522727272727272 0.8261718750000001 0.002840909090909091 0.8661221590909092 0.019886363636363636 0.8757102272727273 0.09375 0.8405539772727273 0.1590909090909091 0.7942116477272728 0.15625 0.7638494318181819 0.125 0.7254971590909092 0.11931818181818182 0.6871448863636364 0.11931818181818182 0.6439985795454546 0.11647727272727272
6 0.3419744318181819 0.17613636363636365 0.3627485795454546 0.1278409090909091 0.3739346590909091 0.06818181818181818 0.3739346590909091 0.028409090909090908 0.3387784090909091 0.028409090909090908 0.29882812500000006 0.028409090909090908 0.2684659090909091 0.036931818181818184 0.29083806818181823 0.125 0.31480823863636365 0.16193181818181818
6 0.43785511363636365 0.30113636363636365 0.43785511363636365 0.36079545454545453 0.4474431818181819 0.38920454545454547 0.47460937500000006 0.36363636363636365 0.4937855113636364 0.32954545454545453 0.4937855113636364 0.2727272727272727 0.48739346590909094 0.2471590909090909 0.4602272727272727 0.23863636363636365 0.4458451704545455 0.23863636363636365
